# Re_Psi, Im_Psi, Time
-4.000000000000000000e+00 -3.212589659050364482e-04 9.658080319031184051e-05
-3.979949874686716793e+00 -3.552788288318476598e-04 7.640727689107297907e-05
-3.959899749373433586e+00 -3.901059718910634164e-04 5.165056246427613188e-05
-3.939849624060150379e+00 -4.253786242164969244e-04 2.189876171563974070e-05
-3.919799498746867172e+00 -4.606703564302353079e-04 -1.325496464975727723e-05
-3.899749373433583965e+00 -4.954861562580579852e-04 -5.420574065231867133e-05
-3.879699248120300759e+00 -5.292589145125192133e-04 -1.013294848682622313e-04
-3.859649122807017552e+00 -5.613464339545539339e-04 -1.549745757135759575e-04
-3.839598997493734345e+00 -5.910290816533986377e-04 -2.154526727429118980e-04
-3.819548872180451138e+00 -6.175082128237027908e-04 -2.830287074050609627e-04
-3.799498746867167931e+00 -6.399055005081396739e-04 -3.579100711516479622e-04
-3.779448621553884724e+00 -6.572633106605120165e-04 -4.402350448080272183e-04
-3.759398496240601517e+00 -6.685462659238614958e-04 -5.300605306398908098e-04
-3.739348370927318310e+00 -6.726441434375811683e-04 -6.273491675100338659e-04
-3.719298245614035103e+00 -6.683762520885753143e-04 -7.319559298078461224e-04
-3.699248120300751896e+00 -6.544974324841200007e-04 -8.436143323044860290e-04
-3.679197994987468689e+00 -6.297058183104025557e-04 -9.619223855563401471e-04
-3.659147869674185483e+00 -5.926524903999955043e-04 -1.086328469725585154e-03
-3.639097744360902276e+00 -5.419531445250373031e-04 -1.216117318445806249e-03
-3.619047619047619069e+00 -4.762018804392510632e-04 -1.350396328327037017e-03
-3.598997493734335862e+00 -3.939872028133432078e-04 -1.488082433520928954e-03
-3.578947368421052655e+00 -2.939103042763001566e-04 -1.627889808064132953e-03
-3.558897243107769448e+00 -1.746056766572831695e-04 -1.768318681057523371e-03
-3.538847117794486241e+00 -3.476406862926968786e-05 -1.907645570653886905e-03
-3.518796992481203034e+00 1.268422237543265934e-04 -2.043915261815582550e-03
-3.498746867167919827e+00 3.113317826499989861e-04 -2.174934869334315367e-03
-3.478696741854636620e+00 5.196842983963778856e-04 -2.298270341119394277e-03
-3.458646616541353414e+00 7.527087349361905088e-04 -2.411245766681471142e-03
-3.438596491228070207e+00 1.011009607926564770e-03 -2.510945861475319570e-03
-3.418546365914787000e+00 1.294951602005535614e-03 -2.594221998723774975e-03
-3.398496240601503793e+00 1.604622805587069267e-03 -2.657702155935586560e-03
-3.378446115288220586e+00 1.939796895666265472e-03 -2.697805132978548914e-03
-3.358395989974937379e+00 2.299894660870263705e-03 -2.710759381727004692e-03
-3.338345864661654172e+00 2.683945307737791927e-03 -2.692626763459585962e-03
-3.318295739348370965e+00 3.090548052209058510e-03 -2.639331518878542965e-03
-3.298245614035087758e+00 3.517834554726932857e-03 -2.546694696460421840e-03
-3.278195488721804551e+00 3.963432812272907162e-03 -2.410474237509866065e-03
-3.258145363408521344e+00 4.424433173089877686e-03 -2.226410860546319814e-03
-3.238095238095238138e+00 4.897357188707158158e-03 -1.990279823384441971e-03
-3.218045112781954931e+00 5.378130062045588348e-03 -1.697948568468274529e-03
-3.197994987468671724e+00 5.862057488653435802e-03 -1.345440175813917508e-03
-3.177944862155388517e+00 6.343807719277352875e-03 -9.290024585760775630e-04
-3.157894736842105310e+00 6.817399694753236740e-03 -4.451824392063734401e-04
-3.137844611528822103e+00 7.276198117346908446e-03 1.090941599938197024e-04
-3.117794486215538896e+00 7.712916324934753799e-03 7.364388886417705870e-04
-3.097744360902255689e+00 8.119627824571122240e-03 1.438912595007880513e-03
-3.077694235588972482e+00 8.487787318881305151e-03 2.217934220573803111e-03
-3.057644110275689275e+00 8.808262021262808217e-03 3.074187198456904049e-03
-3.037593984962406068e+00 9.071374003096443345e-03 4.007524416406860537e-03
-3.017543859649122862e+00 9.266954247215915264e-03 5.016872829548284576e-03
-2.997493734335839655e+00 9.384408996071595330e-03 6.100138930472879042e-03
-2.977443609022556448e+00 9.412798879848194300e-03 7.254116402673837539e-03
-2.957393483709273241e+00 9.340931188964358284e-03 8.474397395518081660e-03
-2.937343358395990034e+00 9.157465516841043970e-03 9.755288962699382865e-03
-2.917293233082706827e+00 8.851032842781441853e-03 1.108973629903629160e-02
-2.897243107769423620e+00 8.410367951750047019e-03 1.246925449012926436e-02
-2.877192982456140413e+00 7.824454898568210942e-03 1.388387055328334577e-02
-2.857142857142857206e+00 7.082685019676441922e-03 1.532207759374099205e-02
-2.837092731829573999e+00 6.175026777603336882e-03 1.677080292518747309e-02
-2.817042606516290792e+00 5.092206493426566262e-03 1.821539200529360275e-02
-2.796992481203007586e+00 3.825898782961634648e-03 1.963961001346593502e-02
-2.776942355889724379e+00 2.368925265668977726e-03 2.102566284686381223e-02
-2.756892230576441172e+00 7.154598641725308386e-04 2.235423923020329190e-02
-2.736842105263157965e+00 -1.138761239990466372e-03 2.360457552324764230e-02
-2.716791979949874758e+00 -3.196227178727964122e-03 2.475454466583440136e-02
-2.696741854636591551e+00 -5.457439926064983939e-03 2.578077052281999362e-02
-2.676691729323308344e+00 -7.920704445068876484e-03 2.665876867984701484e-02
-2.656641604010025137e+00 -1.058192433431643341e-02 2.736311449521671921e-02
-2.636591478696741930e+00 -1.343440605572446787e-02 2.786763893373378140e-02
-2.616541353383458723e+00 -1.646867500273369381e-02 2.814565239606311303e-02
-2.596491228070175517e+00 -1.967230681702781050e-02 2.817019641334446434e-02
-2.576441102756892310e+00 -2.302977747857693283e-02 2.791432270358355783e-02
-2.556390977443609103e+00 -2.652233577328299077e-02 2.735139868632427765e-02
-2.536340852130325896e+00 -3.012790178048896719e-02 2.645543812857030844e-02
-2.516290726817042689e+00 -3.382099501493608662e-02 2.520145515176006393e-02
-2.496240601503759482e+00 -3.757269580056894070e-02 2.356583937131739165e-02
-2.476190476190476275e+00 -4.135064334344611126e-02 2.152674947201789826e-02
-2.456140350877193068e+00 -4.511907380494350334e-02 1.906452204981798695e-02
-2.436090225563909861e+00 -4.883890145203510780e-02 1.616209208011968809e-02
-2.416040100250626654e+00 -5.246784567694367379e-02 1.280542091040588054e-02
-2.395989974937343447e+00 -5.596060633284112573e-02 8.983927228918522218e-03
-2.375939849624060241e+00 -5.926908942531820129e-02 4.690916038062998769e-03
-2.355889724310777034e+00 -6.234268473167077496e-02 -7.599973073436734551e-05
-2.335839598997493827e+00 -6.512859639323656524e-02 -5.314490676975576131e-03
-2.315789473684210620e+00 -6.757222694259999718e-02 -1.101712148812375620e-02
-2.295739348370927413e+00 -6.961761459102563943e-02 -1.717098686708910457e-02
-2.275689223057644206e+00 -7.120792291657615514e-02 -2.375737929192338338e-02
-2.255639097744360999e+00 -7.228598136566805055e-02 -3.075149518767446299e-02
-2.235588972431077792e+00 -7.279487421700776839e-02 -3.812218613130956280e-02
-2.215538847117794585e+00 -7.267857486464997241e-02 -4.583176166785855182e-02
-2.195488721804511378e+00 -7.188262146502841232e-02 -5.383585018369128200e-02
-2.175438596491228171e+00 -7.035482917085636445e-02 -6.208332405620939354e-02
-2.155388471177944965e+00 -6.804603335326078750e-02 -7.051629497427240600e-02
-2.135338345864661758e+00 -6.491085740364134493e-02 -7.907018489757167146e-02
-2.115288220551378551e+00 -6.090849792041846261e-02 -8.767387759433274697e-02
-2.095238095238095344e+00 -5.600351933545684446e-02 -9.624995506492828312e-02
-2.075187969924812137e+00 -5.016664933329356008e-02 -1.047150224254323747e-01
-2.055137844611528930e+00 -4.337556577634053834e-02 -1.129801239925735251e-01
-2.035087719298245723e+00 -3.561566528397520220e-02 -1.209512523842784237e-01
-2.015037593984962516e+00 -2.688080313572670244e-02 -1.285299514340036420e-01
-1.994987468671679309e+00 -1.717399379109111127e-02 -1.356140126199528173e-01
-1.974937343358396102e+00 -6.508061052781713776e-03 -1.420982635413496620e-01
-1.954887218045112895e+00 5.093773242425291871e-03 -1.478754457441015524e-01
-1.934837092731829689e+00 1.759737313051847052e-02 -1.528371779199268754e-01
-1.914786967418546482e+00 3.095725601730436524e-02 -1.568749991903292673e-01
-1.894736842105263275e+00 4.511625447586729842e-02 -1.598814858550511864e-01
-1.874686716791980068e+00 6.000528261669794278e-02 -1.617514336504634054e-01
-1.854636591478696861e+00 7.554321670520024179e-02 -1.623830962444598736e-01
-1.834586466165413654e+00 9.163689894198888408e-02 -1.616794694094379758e-01
-1.814536340852130447e+00 1.081812724003686638e-01 -1.595496090831544089e-01
-1.794486215538847240e+00 1.250596540349185604e-01 -1.559099703683770322e-01
-1.774436090225564033e+00 1.421441514398304462e-01 -1.506857534562316414e-01
-1.754385964912280826e+00 1.592962276526453946e-01 -1.438122415047674296e-01
-1.734335839598997620e+00 1.763674167778413460e-01 -1.352361146829727523e-01
-1.714285714285714413e+00 1.932001915573820783e-01 -1.249167239199763385e-01
-1.694235588972431206e+00 2.096289822563185412e-01 -1.128273073971914203e-01
-1.674185463659147999e+00 2.254813443776908788e-01 -9.895613250409103501e-02
-1.654135338345864792e+00 2.405792707914443662e-01 -8.330754586090352576e-02
-1.634085213032581585e+00 2.547406418780741033e-01 -6.590291410660710503e-02
-1.614035087719298378e+00 2.677808052724309773e-01 -4.678143846877695633e-02
-1.593984962406015171e+00 2.795142747714089437e-01 -2.600082668118412071e-02
-1.573934837092731964e+00 2.897565359673899832e-01 -3.637806600899852385e-03
-1.553884711779448757e+00 2.983259442147673801e-01 2.021153309861686495e-02
-1.533834586466165550e+00 3.050456986578068963e-01 4.543158851918380897e-02
-1.513784461152882344e+00 3.097458742731801218e-01 7.188728427831624079e-02
-1.493734335839599137e+00 3.122654922383851783e-01 9.942432553928245986e-02
-1.473684210526315930e+00 3.124546074562576381e-01 1.278696665331895965e-01
-1.453634085213032723e+00 3.101763907733721126e-01 1.570322016361964945e-01
-1.433583959899749516e+00 3.053091823526176141e-01 1.867036827428487922e-01
-1.413533834586466309e+00 2.977484918222038646e-01 2.166598641930146674e-01
-1.393483709273183102e+00 2.874089202473359417e-01 2.466618738895883789e-01
-1.373433583959899895e+00 2.742259786767733409e-01 2.764578065146829911e-01
-1.353383458646616688e+00 2.581577780215531526e-01 3.057845319438807774e-01
-1.333333333333333481e+00 2.391865653410790438e-01 3.343697091041646918e-01
-1.313283208020050274e+00 2.173200822527114051e-01 3.619339926564292265e-01
-1.293233082706767068e+00 1.925927221511331000e-01 3.881934170447043364e-01
-1.273182957393483861e+00 1.650664642251062908e-01 4.128619396794091512e-01
-1.253132832080200654e+00 1.348315638893533563e-01 4.356541223498531790e-01
-1.233082706766917447e+00 1.020069812012015936e-01 4.562879274308576649e-01
-1.213032581453634240e+00 6.674053109367480974e-02 4.744876030985163973e-01
-1.192982456140351033e+00 2.920874181255874585e-02 4.899866296386581332e-01
-1.172932330827067826e+00 -1.038358922637070379e-02 5.025306970550018626e-01
-1.152882205513784619e+00 -5.180414986780192826e-02 5.118806825967955332e-01
-1.132832080200501412e+00 -9.479418234946472566e-02 5.178155955598565674e-01
-1.112781954887218205e+00 -1.390698680743856219e-01 5.201354557992116101e-01
-1.092731829573934998e+00 -1.843240253377427251e-01 5.186640718511803527e-01
-1.072681704260651792e+00 -2.302281135959685643e-01 5.132516844188502736e-01
-1.052631578947368585e+00 -2.764345340778679994e-01 5.037774412439579574e-01
-1.032581453634085378e+00 -3.225792127354716876e-01 4.901516700817928895e-01
-1.012531328320802171e+00 -3.682844477644102166e-01 4.723179176201044993e-01
-9.924812030075189639e-01 -4.131620002392732971e-01 4.502547237388158652e-01
-9.724310776942357570e-01 -4.568164028587839431e-01 4.239771024894972706e-01
-9.523809523809525501e-01 -4.988484584286240198e-01 3.935377035710592164e-01
-9.323308270676693432e-01 -5.388588965755310989e-01 3.590276308740280586e-01
-9.122807017543861363e-01 -5.764521543324391262e-01 3.205768978372565692e-01
-8.922305764411029294e-01 -6.112402437063166882e-01 2.783545028794118803e-01
-8.721804511278197225e-01 -6.428466671803275689e-01 2.325681119989624901e-01
-8.521303258145365156e-01 -6.709103403487776118e-01 1.834633397413287237e-01
-8.320802005012533087e-01 -6.950894795714460672e-01 1.313226240661966582e-01
-8.120300751879701018e-01 -7.150654116929058279e-01 7.646369516323481275e-02
-7.919799498746868949e-01 -7.305462625264118603e-01 1.923764290828098786e-02
-7.719298245614036880e-01 -7.412704809690662255e-01 -3.997340763096637883e-02
-7.518796992481204811e-01 -7.470101563070544737e-01 -1.007589984985686055e-01
-7.318295739348372742e-01 -7.475740874919527545e-01 -1.626834001344366620e-01
-7.117794486215540672e-01 -7.428105649196069526e-01 -2.252890082275104677e-01
-6.917293233082708603e-01 -7.326098275130493720e-01 -2.881000483099892540e-01
-6.716791979949876534e-01 -7.169061606843168954e-01 -3.506265560738324183e-01
-6.516290726817044465e-01 -6.956796040038192297e-01 -4.123685974844015778e-01
-6.315789473684212396e-01 -6.689572411100714877e-01 -4.728206892002101425e-01
-6.115288220551380327e-01 -6.368140485105047155e-01 -5.314763766350907304e-01
-5.914786967418548258e-01 -5.993732844127603876e-01 -5.878329242684312561e-01
-5.714285714285716189e-01 -5.568064035365640763e-01 -6.413960705643845239e-01
-5.513784461152884120e-01 -5.093324889349140072e-01 -6.916847981405241930e-01
-5.313283208020052051e-01 -4.572171971412032909e-01 -7.382360686625200064e-01
-5.112781954887219982e-01 -4.007712183934195038e-01 -7.806094713595070900e-01
-4.912280701754387913e-01 -3.403482592019925201e-01 -8.183917340731873269e-01
-4.711779448621555844e-01 -2.763425600562204876e-01 -8.512010463829770002e-01
-4.511278195488723775e-01 -2.091859665361078258e-01 -8.786911455924545367e-01
-4.310776942355891705e-01 -1.393445774421416261e-01 -9.005551182136585231e-01
-4.110275689223059636e-01 -6.731499870574285393e-02 -9.165288720320424742e-01
-3.909774436090227567e-01 6.379763269894653602e-03 -9.263942368545864392e-01
-3.709273182957395498e-01 8.119473063042685623e-02 -9.299816556073626783e-01
-3.508771929824563429e-01 1.565676630763037092e-01 -9.271724315197558131e-01
-3.308270676691731360e-01 2.319240007579721485e-01 -9.179005016664070205e-01
-3.107769423558899291e-01 3.066819917448905253e-01 -9.021537120839386859e-01
-2.907268170426067222e-01 3.802579520805984270e-01 -8.799745749807235118e-01
-2.706766917293235153e-01 4.520716043507423954e-01 -8.514604941521471959e-01
-2.506265664160403084e-01 5.215514392251995313e-01 -8.167634505341627715e-01
-2.305764411027571015e-01 5.881400436140852284e-01 -7.760891458039751445e-01
-2.105263157894738946e-01 6.512993389170712577e-01 -7.296956079951789631e-01
-1.904761904761906877e-01 7.105156733541558856e-01 -6.778912691606094887e-01
-1.704260651629074808e-01 7.653047135431549908e-01 -6.210325311137919746e-01
-1.503759398496242738e-01 8.152160823253216115e-01 -5.595208411337115884e-01
-1.303258145363410669e-01 8.598376923174811948e-01 -4.937993051535411460e-01
-1.102756892230578600e-01 8.987997277602556290e-01 -4.243488713001294932e-01
-9.022556390977465313e-02 9.317782309024149612e-01 -3.516841216390417246e-01
-7.017543859649144622e-02 9.584982533685008077e-01 -2.763487145456000049e-01
-5.012531328320823931e-02 9.787365376506712566e-01 -1.989105242067802370e-01
-3.007518796992503241e-02 9.923236989897231686e-01 -1.199565273090877487e-01
-1.002506265664182550e-02 9.991458834021083035e-01 -4.008748993758357720e-02
1.002506265664138141e-02 9.991458834021084146e-01 4.008748993758180779e-02
3.007518796992414423e-02 9.923236989897236127e-01 1.199565273090842238e-01
5.012531328320779522e-02 9.787365376506717007e-01 1.989105242067785440e-01
7.017543859649144622e-02 9.584982533685008077e-01 2.763487145456000049e-01
9.022556390977420904e-02 9.317782309024155163e-01 3.516841216390400593e-01
1.102756892230569719e-01 8.987997277602571833e-01 4.243488713001263291e-01
1.303258145363406229e-01 8.598376923174820829e-01 4.937993051535396472e-01
1.503759398496242738e-01 8.152160823253216115e-01 5.595208411337115884e-01
1.704260651629070367e-01 7.653047135431562120e-01 6.210325311137906423e-01
1.904761904761897995e-01 7.105156733541583280e-01 6.778912691606070462e-01
2.105263157894734505e-01 6.512993389170725900e-01 7.296956079951778529e-01
2.305764411027571015e-01 5.881400436140852284e-01 7.760891458039751445e-01
2.506265664160398643e-01 5.215514392252010856e-01 8.167634505341619944e-01
2.706766917293226271e-01 4.520716043507455040e-01 8.514604941521457526e-01
2.907268170426062781e-01 3.802579520806000923e-01 8.799745749807230677e-01
3.107769423558899291e-01 3.066819917448905253e-01 9.021537120839386859e-01
3.308270676691726919e-01 2.319240007579738139e-01 9.179005016664067984e-01
3.508771929824554547e-01 1.565676630763070676e-01 9.271724315197554800e-01
3.709273182957391057e-01 8.119473063042852157e-02 9.299816556073626783e-01
3.909774436090227567e-01 6.379763269894653602e-03 9.263942368545864392e-01
4.110275689223055195e-01 -6.731499870574124411e-02 9.165288720320428073e-01
4.310776942355882824e-01 -1.393445774421384620e-01 9.005551182136594113e-01
4.511278195488719334e-01 -2.091859665361063270e-01 8.786911455924550918e-01
4.711779448621555844e-01 -2.763425600562204876e-01 8.512010463829770002e-01
4.912280701754383472e-01 -3.403482592019911324e-01 8.183917340731881040e-01
5.112781954887211100e-01 -4.007712183934168948e-01 7.806094713595089774e-01
5.313283208020047610e-01 -4.572171971412021807e-01 7.382360686625210056e-01
5.513784461152884120e-01 -5.093324889349140072e-01 6.916847981405241930e-01
5.714285714285711748e-01 -5.568064035365631881e-01 6.413960705643856341e-01
5.914786967418539376e-01 -5.993732844127586112e-01 5.878329242684336986e-01
6.115288220551375886e-01 -6.368140485105038273e-01 5.314763766350919516e-01
6.315789473684212396e-01 -6.689572411100714877e-01 4.728206892002101425e-01
6.516290726817040024e-01 -6.956796040038187856e-01 4.123685974844030211e-01
6.716791979949867653e-01 -7.169061606843161183e-01 3.506265560738352494e-01
6.917293233082704162e-01 -7.326098275130491499e-01 2.881000483099906417e-01
7.117794486215540672e-01 -7.428105649196069526e-01 2.252890082275104677e-01
7.318295739348368301e-01 -7.475740874919527545e-01 1.626834001344380498e-01
7.518796992481195929e-01 -7.470101563070545847e-01 1.007589984985713394e-01
7.719298245614032439e-01 -7.412704809690663366e-01 3.997340763096770416e-02
7.919799498746868949e-01 -7.305462625264118603e-01 -1.923764290828098786e-02
8.120300751879696577e-01 -7.150654116929061610e-01 -7.646369516323357762e-02
8.320802005012524205e-01 -6.950894795714470664e-01 -1.313226240661942990e-01
8.521303258145360715e-01 -6.709103403487780559e-01 -1.834633397413275857e-01
8.721804511278197225e-01 -6.428466671803275689e-01 -2.325681119989624901e-01
8.922305764411024853e-01 -6.112402437063173544e-01 -2.783545028794108811e-01
9.122807017543852481e-01 -5.764521543324407915e-01 -3.205768978372547928e-01
9.323308270676688991e-01 -5.388588965755318760e-01 -3.590276308740272260e-01
9.523809523809525501e-01 -4.988484584286240198e-01 -3.935377035710592164e-01
9.724310776942353129e-01 -4.568164028587848313e-01 -4.239771024894967155e-01
9.924812030075180758e-01 -4.131620002392752955e-01 -4.502547237388147550e-01
1.012531328320801727e+00 -3.682844477644112158e-01 -4.723179176201039997e-01
1.032581453634085378e+00 -3.225792127354716876e-01 -4.901516700817928895e-01
1.052631578947368141e+00 -2.764345340778690541e-01 -5.037774412439578464e-01
1.072681704260650903e+00 -2.302281135959705904e-01 -5.132516844188499405e-01
1.092731829573934554e+00 -1.843240253377437521e-01 -5.186640718511802417e-01
1.112781954887218205e+00 -1.390698680743856219e-01 -5.201354557992116101e-01
1.132832080200500968e+00 -9.479418234946571098e-02 -5.178155955598567894e-01
1.152882205513783731e+00 -5.180414986780380177e-02 -5.118806825967958662e-01
1.172932330827067382e+00 -1.038358922637160064e-02 -5.025306970550019736e-01
1.192982456140351033e+00 2.920874181255874585e-02 -4.899866296386581332e-01
1.213032581453633796e+00 6.674053109367399095e-02 -4.744876030985167303e-01
1.233082706766916559e+00 1.020069812012000948e-01 -4.562879274308586086e-01
1.253132832080200210e+00 1.348315638893526625e-01 -4.356541223498536786e-01
1.273182957393483861e+00 1.650664642251062908e-01 -4.128619396794091512e-01
1.293233082706766623e+00 1.925927221511325171e-01 -3.881934170447048915e-01
1.313283208020049386e+00 2.173200822527103504e-01 -3.619339926564303922e-01
1.333333333333333037e+00 2.391865653410786274e-01 -3.343697091041653024e-01
1.353383458646616688e+00 2.581577780215531526e-01 -3.057845319438807774e-01
1.373433583959899451e+00 2.742259786767730634e-01 -2.764578065146836017e-01
1.393483709273182214e+00 2.874089202473354421e-01 -2.466618738895897112e-01
1.413533834586465865e+00 2.977484918222036980e-01 -2.166598641930153613e-01
1.433583959899749516e+00 3.053091823526176141e-01 -1.867036827428487922e-01
1.453634085213032279e+00 3.101763907733720571e-01 -1.570322016361971607e-01
1.473684210526315042e+00 3.124546074562575826e-01 -1.278696665331908733e-01
1.493734335839598693e+00 3.122654922383851783e-01 -9.942432553928307049e-02
1.513784461152882344e+00 3.097458742731801218e-01 -7.188728427831624079e-02
1.533834586466165106e+00 3.050456986578070628e-01 -4.543158851918437796e-02
1.553884711779447869e+00 2.983259442147677687e-01 -2.021153309861795436e-02
1.573934837092731520e+00 2.897565359673902052e-01 3.637806600899340641e-03
1.593984962406015171e+00 2.795142747714089437e-01 2.600082668118412071e-02
1.614035087719297934e+00 2.677808052724312549e-01 4.678143846877651918e-02
1.634085213032580697e+00 2.547406418780747139e-01 6.590291410660630012e-02
1.654135338345864348e+00 2.405792707914446715e-01 8.330754586090316494e-02
1.674185463659147999e+00 2.254813443776908788e-01 9.895613250409103501e-02
1.694235588972430762e+00 2.096289822563189020e-01 1.128273073971911150e-01
1.714285714285713524e+00 1.932001915573828554e-01 1.249167239199758528e-01
1.734335839598997175e+00 1.763674167778417068e-01 1.352361146829725580e-01
1.754385964912280826e+00 1.592962276526453946e-01 1.438122415047674296e-01
1.774436090225563589e+00 1.421441514398308070e-01 1.506857534562315026e-01
1.794486215538846352e+00 1.250596540349193098e-01 1.559099703683768379e-01
1.814536340852130003e+00 1.081812724003690385e-01 1.595496090831543534e-01
1.834586466165413654e+00 9.163689894198888408e-02 1.616794694094379758e-01
1.854636591478696417e+00 7.554321670520058873e-02 1.623830962444598736e-01
1.874686716791979180e+00 6.000528261669862279e-02 1.617514336504634886e-01
1.894736842105262831e+00 4.511625447586763149e-02 1.598814858550512419e-01
1.914786967418546482e+00 3.095725601730436524e-02 1.568749991903292673e-01
1.934837092731829244e+00 1.759737313051875501e-02 1.528371779199269587e-01
1.954887218045112007e+00 5.093773242425825298e-03 1.478754457441017744e-01
1.974937343358395658e+00 -6.508061052781467445e-03 1.420982635413498285e-01
1.994987468671679309e+00 -1.717399379109111127e-02 1.356140126199528173e-01
2.015037593984962072e+00 -2.688080313572649774e-02 1.285299514340038085e-01
2.035087719298244835e+00 -3.561566528397483444e-02 1.209512523842787707e-01
2.055137844611528486e+00 -4.337556577634037874e-02 1.129801239925737055e-01
2.075187969924812137e+00 -5.016664933329356008e-02 1.047150224254323747e-01
2.095238095238094900e+00 -5.600351933545671956e-02 9.624995506492846353e-02
2.115288220551377663e+00 -6.090849792041826832e-02 8.767387759433312167e-02
2.135338345864661314e+00 -6.491085740364126166e-02 7.907018489757186575e-02
2.155388471177944965e+00 -6.804603335326078750e-02 7.051629497427240600e-02
2.175438596491227727e+00 -7.035482917085630894e-02 6.208332405620957395e-02
2.195488721804510490e+00 -7.188262146502835681e-02 5.383585018369162895e-02
2.215538847117794141e+00 -7.267857486464995853e-02 4.583176166785871836e-02
2.235588972431077792e+00 -7.279487421700776839e-02 3.812218613130956280e-02
2.255639097744360555e+00 -7.228598136566809218e-02 3.075149518767463300e-02
2.275689223057643318e+00 -7.120792291657621065e-02 2.375737929192367828e-02
2.295739348370926969e+00 -6.961761459102566718e-02 1.717098686708923988e-02
2.315789473684210620e+00 -6.757222694259999718e-02 1.101712148812375620e-02
2.335839598997493383e+00 -6.512859639323662075e-02 5.314490676975696694e-03
2.355889724310776145e+00 -6.234268473167091373e-02 7.599973073458899709e-05
2.375939849624059796e+00 -5.926908942531825680e-02 -4.690916038062896420e-03
2.395989974937343447e+00 -5.596060633284112573e-02 -8.983927228918522218e-03
2.416040100250626210e+00 -5.246784567694374318e-02 -1.280542091040579901e-02
2.436090225563908973e+00 -4.883890145203527433e-02 -1.616209208011954931e-02
2.456140350877192624e+00 -4.511907380494357273e-02 -1.906452204981792450e-02
2.476190476190476275e+00 -4.135064334344611126e-02 -2.152674947201789826e-02
2.496240601503759038e+00 -3.757269580056901703e-02 -2.356583937131734655e-02
2.516290726817041801e+00 -3.382099501493625315e-02 -2.520145515175999801e-02
2.536340852130325452e+00 -3.012790178048905393e-02 -2.645543812857028762e-02
2.556390977443609103e+00 -2.652233577328299077e-02 -2.735139868632427765e-02
2.576441102756891866e+00 -2.302977747857700916e-02 -2.791432270358355783e-02
2.596491228070174628e+00 -1.967230681702795969e-02 -2.817019641334445740e-02
2.616541353383458279e+00 -1.646867500273375973e-02 -2.814565239606311303e-02
2.636591478696741930e+00 -1.343440605572446787e-02 -2.786763893373378140e-02
2.656641604010024693e+00 -1.058192433431649759e-02 -2.736311449521674002e-02
2.676691729323307456e+00 -7.920704445068992711e-03 -2.665876867984705648e-02
2.696741854636591107e+00 -5.457439926065034246e-03 -2.578077052282001097e-02
2.716791979949874758e+00 -3.196227178727964122e-03 -2.475454466583440136e-02
2.736842105263157521e+00 -1.138761239990509957e-03 -2.360457552324767005e-02
2.756892230576440284e+00 7.154598641724528845e-04 -2.235423923020334047e-02
2.776942355889723935e+00 2.368925265668943465e-03 -2.102566284686384346e-02
2.796992481203007586e+00 3.825898782961634648e-03 -1.963961001346593502e-02
2.817042606516290348e+00 5.092206493426537639e-03 -1.821539200529362357e-02
2.837092731829573111e+00 6.175026777603293514e-03 -1.677080292518754248e-02
2.857142857142856762e+00 7.082685019676421972e-03 -1.532207759374101981e-02
2.877192982456140413e+00 7.824454898568210942e-03 -1.388387055328334577e-02
2.897243107769423176e+00 8.410367951750033141e-03 -1.246925449012929212e-02
2.917293233082705939e+00 8.851032842781426241e-03 -1.108973629903635058e-02
2.937343358395989590e+00 9.157465516841035297e-03 -9.755288962699407151e-03
2.957393483709273241e+00 9.340931188964358284e-03 -8.474397395518081660e-03
2.977443609022556004e+00 9.412798879848190831e-03 -7.254116402673860958e-03
2.997493734335838766e+00 9.384408996071598799e-03 -6.100138930472928482e-03
3.017543859649122417e+00 9.266954247215913529e-03 -5.016872829548304526e-03
3.037593984962406068e+00 9.071374003096443345e-03 -4.007524416406860537e-03
3.057644110275688831e+00 8.808262021262811686e-03 -3.074187198456922263e-03
3.077694235588971594e+00 8.487787318881319029e-03 -2.217934220573838672e-03
3.097744360902255245e+00 8.119627824571127445e-03 -1.438912595007896342e-03
3.117794486215538896e+00 7.712916324934753799e-03 -7.364388886417705870e-04
3.137844611528821659e+00 7.276198117346920589e-03 -1.090941599938328213e-04
3.157894736842104422e+00 6.817399694753255822e-03 4.451824392063504551e-04
3.177944862155388073e+00 6.343807719277365885e-03 9.290024585760680220e-04
3.197994987468671724e+00 5.862057488653435802e-03 1.345440175813917508e-03
3.218045112781954487e+00 5.378130062045601359e-03 1.697948568468268023e-03
3.238095238095237249e+00 4.897357188707178108e-03 1.990279823384429395e-03
3.258145363408520900e+00 4.424433173089886359e-03 2.226410860546313743e-03
3.278195488721804551e+00 3.963432812272907162e-03 2.410474237509866065e-03
3.298245614035087314e+00 3.517834554726944132e-03 2.546694696460420106e-03
3.318295739348370077e+00 3.090548052209076725e-03 2.639331518878538629e-03
3.338345864661653728e+00 2.683945307737801468e-03 2.692626763459586396e-03
3.358395989974937379e+00 2.299894660870263705e-03 2.710759381727004692e-03
3.378446115288220142e+00 1.939796895666272194e-03 2.697805132978548046e-03
3.398496240601502905e+00 1.604622805587084013e-03 2.657702155935590029e-03
3.418546365914786556e+00 1.294951602005542553e-03 2.594221998723777577e-03
3.438596491228070207e+00 1.011009607926564770e-03 2.510945861475319570e-03
3.458646616541352969e+00 7.527087349361954961e-04 2.411245766681472009e-03
3.478696741854635732e+00 5.196842983963879687e-04 2.298270341119400782e-03
3.498746867167919383e+00 3.113317826500033771e-04 2.174934869334318836e-03
3.518796992481203034e+00 1.268422237543265934e-04 2.043915261815582550e-03
3.538847117794485797e+00 -3.476406862926632684e-05 1.907645570653888640e-03
3.558897243107768560e+00 -1.746056766572775046e-04 1.768318681057530310e-03
3.578947368421052211e+00 -2.939103042762978256e-04 1.627889808064136206e-03
3.598997493734335862e+00 -3.939872028133432078e-04 1.488082433520928954e-03
3.619047619047618625e+00 -4.762018804392495453e-04 1.350396328327040270e-03
3.639097744360901387e+00 -5.419531445250349178e-04 1.216117318445812537e-03
3.659147869674185038e+00 -5.926524903999946369e-04 1.086328469725587973e-03
3.679197994987468689e+00 -6.297058183104025557e-04 9.619223855563401471e-04
3.699248120300751452e+00 -6.544974324841197838e-04 8.436143323044887395e-04
3.719298245614034215e+00 -6.683762520885745554e-04 7.319559298078504592e-04
3.739348370927317866e+00 -6.726441434375812767e-04 6.273491675100361428e-04
3.759398496240601517e+00 -6.685462659238614958e-04 5.300605306398908098e-04
3.779448621553884280e+00 -6.572633106605116913e-04 4.402350448080287362e-04
3.799498746867167043e+00 -6.399055005081407581e-04 3.579100711516515401e-04
3.819548872180450694e+00 -6.175082128237033329e-04 2.830287074050625890e-04
3.839598997493734345e+00 -5.910290816533986377e-04 2.154526727429118980e-04
3.859649122807017108e+00 -5.613464339545545844e-04 1.549745757135772043e-04
3.879699248120299870e+00 -5.292589145125207312e-04 1.013294848682644810e-04
3.899749373433583521e+00 -4.954861562580587441e-04 5.420574065231964034e-05
3.919799498746867172e+00 -4.606703564302353079e-04 1.325496464975727723e-05
3.939849624060149935e+00 -4.253786242164976834e-04 -2.189876171563901903e-05
3.959899749373432698e+00 -3.901059718910649342e-04 -5.165056246427491893e-05
3.979949874686716349e+00 -3.552788288318484188e-04 -7.640727689107249118e-05
4.000000000000000000e+00 -3.212589659050364482e-04 -9.658080319031184051e-05
