0.000000000000000000e+00 1.000000000000000000e+00 8.169007686825320580e-02
1.000000000000000056e-01 1.000000000000000000e+00 4.956803994331375751e-01
2.000000000000000111e-01 1.000000000000000000e+00 1.027590372926562856e-01
2.999999999999999889e-01 1.000000000000000000e+00 2.090050060499769602e-01
4.000000000000000222e-01 1.000000000000000000e+00 3.529848817338020472e-01
5.000000000000000000e-01 1.000000000000000000e+00 9.718443528241442475e-02
5.999999999999999778e-01 1.000000000000000000e+00 8.304015870516248676e-02
7.000000000000000666e-01 1.000000000000000000e+00 6.643486556693536937e-02
8.000000000000000444e-01 1.000000000000000000e+00 2.180307683222217907e-01
9.000000000000000222e-01 1.000000000000000000e+00 1.471921528335659590e-01
0.000000000000000000e+00 2.000000000000000000e+00 3.097487524228700884e-01
1.000000000000000056e-01 2.000000000000000000e+00 6.248879702305185635e-01
2.000000000000000111e-01 2.000000000000000000e+00 2.171315059954473381e-01
2.999999999999999889e-01 2.000000000000000000e+00 4.644577677834124674e-01
4.000000000000000222e-01 2.000000000000000000e+00 3.839651431136376775e-02
5.000000000000000000e-01 2.000000000000000000e+00 1.600479220281346704e-01
5.999999999999999778e-01 2.000000000000000000e+00 7.188710339548071149e-02
7.000000000000000666e-01 2.000000000000000000e+00 1.859961032461789343e-01
8.000000000000000444e-01 2.000000000000000000e+00 6.053797184723508362e-01
9.000000000000000222e-01 2.000000000000000000e+00 9.797206240887861017e-02
0.000000000000000000e+00 3.000000000000000000e+00 5.040077042714649069e-01
1.000000000000000056e-01 3.000000000000000000e+00 5.610789225546110037e-01
2.000000000000000111e-01 3.000000000000000000e+00 4.239032776752977294e-01
2.999999999999999889e-01 3.000000000000000000e+00 2.790212583978233796e-01
4.000000000000000222e-01 3.000000000000000000e+00 2.481666486478532052e-01
5.000000000000000000e-01 3.000000000000000000e+00 1.486389758194207600e-01
5.999999999999999778e-01 3.000000000000000000e+00 8.607485723110237796e-02
7.000000000000000666e-01 3.000000000000000000e+00 1.929467402123437592e-01
8.000000000000000444e-01 3.000000000000000000e+00 1.956914204642288824e-01
9.000000000000000222e-01 3.000000000000000000e+00 1.312915977454306993e-01
0.000000000000000000e+00 4.000000000000000000e+00 3.305987760738560155e-01
1.000000000000000056e-01 4.000000000000000000e+00 5.310206777227303165e-01
2.000000000000000111e-01 4.000000000000000000e+00 6.249256079650246098e-01
2.999999999999999889e-01 4.000000000000000000e+00 1.446640599579863407e-01
4.000000000000000222e-01 4.000000000000000000e+00 5.043188918034412493e-01
5.000000000000000000e-01 4.000000000000000000e+00 1.224899630319675053e-01
5.999999999999999778e-01 4.000000000000000000e+00 2.068346985806625016e-01
7.000000000000000666e-01 4.000000000000000000e+00 2.236157188818339303e-01
8.000000000000000444e-01 4.000000000000000000e+00 2.312317196053614021e-01
9.000000000000000222e-01 4.000000000000000000e+00 3.083291164288483044e-01
0.000000000000000000e+00 5.000000000000000000e+00 4.060227928097938088e-01
1.000000000000000056e-01 5.000000000000000000e+00 7.486179196747193565e-01
2.000000000000000111e-01 5.000000000000000000e+00 6.344393518378163010e-01
2.999999999999999889e-01 5.000000000000000000e+00 1.724431688412258745e-01
4.000000000000000222e-01 5.000000000000000000e+00 6.467973873935801699e-01
5.000000000000000000e-01 5.000000000000000000e+00 1.726462675010195791e-01
5.999999999999999778e-01 5.000000000000000000e+00 2.243903051798868120e-01
7.000000000000000666e-01 5.000000000000000000e+00 2.148459239787347541e-01
8.000000000000000444e-01 5.000000000000000000e+00 1.467755086150644706e-01
9.000000000000000222e-01 5.000000000000000000e+00 2.500552873264756393e-01
0.000000000000000000e+00 6.000000000000000000e+00 4.796193021123914546e-01
1.000000000000000056e-01 6.000000000000000000e+00 1.053530173193885311e+00
2.000000000000000111e-01 6.000000000000000000e+00 6.843776206570709730e-01
2.999999999999999889e-01 6.000000000000000000e+00 4.275395925778168738e-01
4.000000000000000222e-01 6.000000000000000000e+00 6.778158423816681433e-01
5.000000000000000000e-01 6.000000000000000000e+00 2.294087409743894579e-01
5.999999999999999778e-01 6.000000000000000000e+00 1.481685704979391061e-01
7.000000000000000666e-01 6.000000000000000000e+00 3.652447766381270444e-01
8.000000000000000444e-01 6.000000000000000000e+00 2.920323862544725313e-01
9.000000000000000222e-01 6.000000000000000000e+00 2.153457668910779554e-01
0.000000000000000000e+00 7.000000000000000000e+00 6.818879550083557506e-01
1.000000000000000056e-01 7.000000000000000000e+00 1.040227293701348366e+00
2.000000000000000111e-01 7.000000000000000000e+00 7.709666230755194416e-01
2.999999999999999889e-01 7.000000000000000000e+00 3.392626701382577270e-01
4.000000000000000222e-01 7.000000000000000000e+00 7.192261393631781408e-01
5.000000000000000000e-01 7.000000000000000000e+00 3.081907495844888878e-01
5.999999999999999778e-01 7.000000000000000000e+00 3.692292306020577564e-01
7.000000000000000666e-01 7.000000000000000000e+00 5.242270819897359990e-01
8.000000000000000444e-01 7.000000000000000000e+00 3.757534974353397006e-01
9.000000000000000222e-01 7.000000000000000000e+00 1.856647607252505383e-01
0.000000000000000000e+00 8.000000000000000000e+00 5.772688077820700148e-01
1.000000000000000056e-01 8.000000000000000000e+00 1.154252025886456812e+00
2.000000000000000111e-01 8.000000000000000000e+00 8.673308800285651765e-01
2.999999999999999889e-01 8.000000000000000000e+00 5.451132457136409482e-01
4.000000000000000222e-01 8.000000000000000000e+00 8.792218235782063296e-01
5.000000000000000000e-01 8.000000000000000000e+00 4.442978557473919454e-01
5.999999999999999778e-01 8.000000000000000000e+00 5.913308551750882103e-01
7.000000000000000666e-01 8.000000000000000000e+00 6.958739763985055671e-01
8.000000000000000444e-01 8.000000000000000000e+00 6.761180410351448344e-01
9.000000000000000222e-01 8.000000000000000000e+00 3.124976801133448889e-01
0.000000000000000000e+00 9.000000000000000000e+00 7.366958572571812303e-01
1.000000000000000056e-01 9.000000000000000000e+00 1.358746126028690604e+00
2.000000000000000111e-01 9.000000000000000000e+00 1.041585642427258929e+00
2.999999999999999889e-01 9.000000000000000000e+00 8.570433924399697423e-01
4.000000000000000222e-01 9.000000000000000000e+00 9.883743342779923724e-01
5.000000000000000000e-01 9.000000000000000000e+00 6.162847432204214826e-01
5.999999999999999778e-01 9.000000000000000000e+00 8.056321815697972122e-01
7.000000000000000666e-01 9.000000000000000000e+00 8.231645528745824558e-01
8.000000000000000444e-01 9.000000000000000000e+00 6.996749741305775538e-01
9.000000000000000222e-01 9.000000000000000000e+00 5.035018810031210990e-01
0.000000000000000000e+00 1.000000000000000000e+01 5.981922332187895597e-01
1.000000000000000056e-01 1.000000000000000000e+01 1.490673840917632775e+00
2.000000000000000111e-01 1.000000000000000000e+01 1.233621972925771582e+00
2.999999999999999889e-01 1.000000000000000000e+01 1.109743625523450072e+00
4.000000000000000222e-01 1.000000000000000000e+01 1.109999898517334938e+00
5.000000000000000000e-01 1.000000000000000000e+01 7.836582974971577631e-01
5.999999999999999778e-01 1.000000000000000000e+01 1.049279740561668950e+00
7.000000000000000666e-01 1.000000000000000000e+01 9.638857209929818648e-01
8.000000000000000444e-01 1.000000000000000000e+01 8.302937868081108341e-01
9.000000000000000222e-01 1.000000000000000000e+01 8.334102108259009434e-01
0.000000000000000000e+00 1.100000000000000000e+01 6.484227446482254686e-01
1.000000000000000056e-01 1.100000000000000000e+01 1.508628763090232416e+00
2.000000000000000111e-01 1.100000000000000000e+01 1.406110846911354129e+00
2.999999999999999889e-01 1.100000000000000000e+01 1.309951315258284898e+00
4.000000000000000222e-01 1.100000000000000000e+01 1.298589676092744227e+00
5.000000000000000000e-01 1.100000000000000000e+01 9.015265858997359993e-01
5.999999999999999778e-01 1.100000000000000000e+01 1.194570265895454453e+00
7.000000000000000666e-01 1.100000000000000000e+01 1.219810947545287849e+00
8.000000000000000444e-01 1.100000000000000000e+01 1.070911799190793046e+00
9.000000000000000222e-01 1.100000000000000000e+01 9.915977750599952456e-01
0.000000000000000000e+00 1.200000000000000000e+01 7.906833490711709933e-01
1.000000000000000056e-01 1.200000000000000000e+01 1.643521043890776578e+00
2.000000000000000111e-01 1.200000000000000000e+01 1.587038669891841280e+00
2.999999999999999889e-01 1.200000000000000000e+01 1.340233813647134120e+00
4.000000000000000222e-01 1.200000000000000000e+01 1.554596795424534772e+00
5.000000000000000000e-01 1.200000000000000000e+01 1.002916593256279798e+00
5.999999999999999778e-01 1.200000000000000000e+01 1.383900630813268640e+00
7.000000000000000666e-01 1.200000000000000000e+01 1.253377353469147693e+00
8.000000000000000444e-01 1.200000000000000000e+01 1.174295573323059561e+00
9.000000000000000222e-01 1.200000000000000000e+01 1.068459024026763737e+00
0.000000000000000000e+00 1.300000000000000000e+01 1.298534521469538516e+00
1.000000000000000056e-01 1.300000000000000000e+01 1.611471843865791342e+00
2.000000000000000111e-01 1.300000000000000000e+01 1.825115157627378304e+00
2.999999999999999889e-01 1.300000000000000000e+01 1.619683317945720624e+00
4.000000000000000222e-01 1.300000000000000000e+01 1.883594735542409637e+00
5.000000000000000000e-01 1.300000000000000000e+01 1.141335312563454885e+00
5.999999999999999778e-01 1.300000000000000000e+01 1.653169038992855500e+00
7.000000000000000666e-01 1.300000000000000000e+01 1.463600294464850737e+00
8.000000000000000444e-01 1.300000000000000000e+01 1.406229157379092598e+00
9.000000000000000222e-01 1.300000000000000000e+01 1.264390640403177057e+00
0.000000000000000000e+00 1.400000000000000000e+01 1.376997431776665559e+00
1.000000000000000056e-01 1.400000000000000000e+01 1.860949845880556897e+00
2.000000000000000111e-01 1.400000000000000000e+01 2.130888809883381363e+00
2.999999999999999889e-01 1.400000000000000000e+01 1.898801327044105758e+00
4.000000000000000222e-01 1.400000000000000000e+01 2.153779562439232631e+00
5.000000000000000000e-01 1.400000000000000000e+01 1.421608280865414464e+00
5.999999999999999778e-01 1.400000000000000000e+01 1.969873184094067975e+00
7.000000000000000666e-01 1.400000000000000000e+01 1.655662071217072429e+00
8.000000000000000444e-01 1.400000000000000000e+01 1.833353239108066024e+00
9.000000000000000222e-01 1.400000000000000000e+01 1.499595715090075831e+00
0.000000000000000000e+00 1.500000000000000000e+01 1.238328498055864646e+00
1.000000000000000056e-01 1.500000000000000000e+01 2.012812487064723044e+00
2.000000000000000111e-01 1.500000000000000000e+01 2.392246459454373309e+00
2.999999999999999889e-01 1.500000000000000000e+01 2.023706534093931531e+00
4.000000000000000222e-01 1.500000000000000000e+01 2.340224455289037220e+00
5.000000000000000000e-01 1.500000000000000000e+01 1.735767179523057369e+00
5.999999999999999778e-01 1.500000000000000000e+01 2.055196346666684715e+00
7.000000000000000666e-01 1.500000000000000000e+01 2.235709649746411731e+00
8.000000000000000444e-01 1.500000000000000000e+01 1.844004909254589819e+00
9.000000000000000222e-01 1.500000000000000000e+01 1.767770886369197214e+00
0.000000000000000000e+00 1.600000000000000000e+01 1.238527293722598177e+00
1.000000000000000056e-01 1.600000000000000000e+01 2.158601650773356972e+00
2.000000000000000111e-01 1.600000000000000000e+01 2.528735727041411696e+00
2.999999999999999889e-01 1.600000000000000000e+01 2.254892900450284010e+00
4.000000000000000222e-01 1.600000000000000000e+01 2.574131633312203515e+00
5.000000000000000000e-01 1.600000000000000000e+01 2.011465268135923079e+00
5.999999999999999778e-01 1.600000000000000000e+01 2.280869985598014349e+00
7.000000000000000666e-01 1.600000000000000000e+01 1.936463730595533228e+00
8.000000000000000444e-01 1.600000000000000000e+01 2.042324582361854102e+00
9.000000000000000222e-01 1.600000000000000000e+01 2.027058112073881091e+00
0.000000000000000000e+00 1.700000000000000000e+01 1.348289286676427778e+00
1.000000000000000056e-01 1.700000000000000000e+01 2.406157768423755616e+00
2.000000000000000111e-01 1.700000000000000000e+01 2.764354541665048792e+00
2.999999999999999889e-01 1.700000000000000000e+01 2.323786376626435501e+00
4.000000000000000222e-01 1.700000000000000000e+01 2.798223588297903852e+00
5.000000000000000000e-01 1.700000000000000000e+01 1.835959052918668233e+00
5.999999999999999778e-01 1.700000000000000000e+01 2.474185976206576765e+00
7.000000000000000666e-01 1.700000000000000000e+01 2.163655217056702718e+00
8.000000000000000444e-01 1.700000000000000000e+01 2.237905423962374574e+00
9.000000000000000222e-01 1.700000000000000000e+01 2.268195182472280802e+00
0.000000000000000000e+00 1.800000000000000000e+01 1.343006467986302077e+00
1.000000000000000056e-01 1.800000000000000000e+01 2.546848336325877593e+00
2.000000000000000111e-01 1.800000000000000000e+01 3.027854042123326206e+00
2.999999999999999889e-01 1.800000000000000000e+01 2.592181614117610167e+00
4.000000000000000222e-01 1.800000000000000000e+01 3.089635526830257994e+00
5.000000000000000000e-01 1.800000000000000000e+01 2.053548999361774818e+00
5.999999999999999778e-01 1.800000000000000000e+01 2.661458240741306991e+00
7.000000000000000666e-01 1.800000000000000000e+01 2.347468444687617506e+00
8.000000000000000444e-01 1.800000000000000000e+01 2.481254479188010009e+00
9.000000000000000222e-01 1.800000000000000000e+01 2.458439613529658896e+00
0.000000000000000000e+00 1.900000000000000000e+01 1.498516674891407829e+00
1.000000000000000056e-01 1.900000000000000000e+01 2.774143374303727150e+00
2.000000000000000111e-01 1.900000000000000000e+01 3.268335469814819483e+00
2.999999999999999889e-01 1.900000000000000000e+01 2.836675468202377370e+00
4.000000000000000222e-01 1.900000000000000000e+01 3.291012607367519660e+00
5.000000000000000000e-01 1.900000000000000000e+01 2.255970214179578548e+00
5.999999999999999778e-01 1.900000000000000000e+01 2.903392173898062367e+00
7.000000000000000666e-01 1.900000000000000000e+01 2.483166311566852524e+00
8.000000000000000444e-01 1.900000000000000000e+01 2.735645613020909916e+00
9.000000000000000222e-01 1.900000000000000000e+01 2.718123436241636437e+00
0.000000000000000000e+00 2.000000000000000000e+01 1.580076961288050752e+00
1.000000000000000056e-01 2.000000000000000000e+01 2.900812783198079448e+00
2.000000000000000111e-01 2.000000000000000000e+01 3.450429030522045970e+00
2.999999999999999889e-01 2.000000000000000000e+01 3.030325409353792132e+00
4.000000000000000222e-01 2.000000000000000000e+01 3.538072297645356468e+00
5.000000000000000000e-01 2.000000000000000000e+01 2.456223355991941748e+00
5.999999999999999778e-01 2.000000000000000000e+01 3.230057172469766869e+00
7.000000000000000666e-01 2.000000000000000000e+01 2.657943081358224102e+00
8.000000000000000444e-01 2.000000000000000000e+01 3.031004120319238382e+00
9.000000000000000222e-01 2.000000000000000000e+01 2.925451027973796414e+00
0.000000000000000000e+00 2.100000000000000000e+01 1.708339911548504508e+00
1.000000000000000056e-01 2.100000000000000000e+01 3.084971254809214525e+00
2.000000000000000111e-01 2.100000000000000000e+01 3.715380935687564001e+00
2.999999999999999889e-01 2.100000000000000000e+01 3.239799512119353242e+00
4.000000000000000222e-01 2.100000000000000000e+01 3.771180666814513582e+00
5.000000000000000000e-01 2.100000000000000000e+01 2.657557892199974070e+00
5.999999999999999778e-01 2.100000000000000000e+01 3.400888473960817393e+00
7.000000000000000666e-01 2.100000000000000000e+01 2.758545658305255444e+00
8.000000000000000444e-01 2.100000000000000000e+01 3.292681403110683469e+00
9.000000000000000222e-01 2.100000000000000000e+01 3.100529562323315780e+00
0.000000000000000000e+00 2.200000000000000000e+01 1.817897382074011192e+00
1.000000000000000056e-01 2.200000000000000000e+01 3.287930140688150704e+00
2.000000000000000111e-01 2.200000000000000000e+01 3.908456288702725434e+00
2.999999999999999889e-01 2.200000000000000000e+01 3.279370281665546116e+00
4.000000000000000222e-01 2.200000000000000000e+01 4.018632546698330366e+00
5.000000000000000000e-01 2.200000000000000000e+01 2.693828183395202913e+00
5.999999999999999778e-01 2.200000000000000000e+01 3.638264706812047500e+00
7.000000000000000666e-01 2.200000000000000000e+01 2.869120957309008180e+00
8.000000000000000444e-01 2.200000000000000000e+01 3.526898285561094859e+00
9.000000000000000222e-01 2.200000000000000000e+01 3.250752578652899683e+00
0.000000000000000000e+00 2.300000000000000000e+01 1.935811951207248471e+00
1.000000000000000056e-01 2.300000000000000000e+01 3.393889626575395280e+00
2.000000000000000111e-01 2.300000000000000000e+01 4.110783077489852388e+00
2.999999999999999889e-01 2.300000000000000000e+01 3.521806430907246099e+00
4.000000000000000222e-01 2.300000000000000000e+01 4.149513175759260264e+00
5.000000000000000000e-01 2.300000000000000000e+01 2.855379744833166811e+00
5.999999999999999778e-01 2.300000000000000000e+01 3.862685276743664353e+00
7.000000000000000666e-01 2.300000000000000000e+01 3.115799630994978031e+00
8.000000000000000444e-01 2.300000000000000000e+01 3.752612236058193940e+00
9.000000000000000222e-01 2.300000000000000000e+01 3.461394077313288520e+00
0.000000000000000000e+00 2.400000000000000000e+01 2.062090032836259024e+00
1.000000000000000056e-01 2.400000000000000000e+01 3.535928417591859052e+00
2.000000000000000111e-01 2.400000000000000000e+01 4.312466995003192416e+00
2.999999999999999889e-01 2.400000000000000000e+01 3.677176036171606821e+00
4.000000000000000222e-01 2.400000000000000000e+01 4.414042850649721572e+00
5.000000000000000000e-01 2.400000000000000000e+01 2.995928195288013907e+00
5.999999999999999778e-01 2.400000000000000000e+01 4.091069591993775845e+00
7.000000000000000666e-01 2.400000000000000000e+01 3.102136981275688044e+00
8.000000000000000444e-01 2.400000000000000000e+01 3.951695758484572885e+00
9.000000000000000222e-01 2.400000000000000000e+01 3.512765575759043912e+00
0.000000000000000000e+00 2.500000000000000000e+01 2.239020502960533676e+00
1.000000000000000056e-01 2.500000000000000000e+01 3.575804775738503860e+00
2.000000000000000111e-01 2.500000000000000000e+01 4.409873909909432399e+00
2.999999999999999889e-01 2.500000000000000000e+01 3.730676608429719820e+00
4.000000000000000222e-01 2.500000000000000000e+01 4.544720669706197036e+00
5.000000000000000000e-01 2.500000000000000000e+01 3.125384975298473478e+00
5.999999999999999778e-01 2.500000000000000000e+01 4.256738302952650876e+00
7.000000000000000666e-01 2.500000000000000000e+01 3.228603954223987937e+00
8.000000000000000444e-01 2.500000000000000000e+01 4.061269112354564115e+00
9.000000000000000222e-01 2.500000000000000000e+01 3.572212467567211558e+00
0.000000000000000000e+00 2.600000000000000000e+01 2.461370137463334107e+00
1.000000000000000056e-01 2.600000000000000000e+01 3.689516092755904086e+00
2.000000000000000111e-01 2.600000000000000000e+01 4.714852150119613228e+00
2.999999999999999889e-01 2.600000000000000000e+01 3.953080613576481550e+00
4.000000000000000222e-01 2.600000000000000000e+01 4.675904553109831774e+00
5.000000000000000000e-01 2.600000000000000000e+01 3.263721359606776673e+00
5.999999999999999778e-01 2.600000000000000000e+01 4.614284583860736255e+00
7.000000000000000666e-01 2.600000000000000000e+01 3.343019387774979201e+00
8.000000000000000444e-01 2.600000000000000000e+01 4.444043086784294161e+00
9.000000000000000222e-01 2.600000000000000000e+01 3.723072171270390029e+00
0.000000000000000000e+00 2.700000000000000000e+01 2.597080140127151715e+00
1.000000000000000056e-01 2.700000000000000000e+01 3.868716813045515401e+00
2.000000000000000111e-01 2.700000000000000000e+01 4.733805404967966979e+00
2.999999999999999889e-01 2.700000000000000000e+01 4.212882160787601471e+00
4.000000000000000222e-01 2.700000000000000000e+01 4.945980764210054836e+00
5.000000000000000000e-01 2.700000000000000000e+01 3.288767250075547821e+00
5.999999999999999778e-01 2.700000000000000000e+01 4.888052331260046124e+00
7.000000000000000666e-01 2.700000000000000000e+01 3.688759044074274129e+00
8.000000000000000444e-01 2.700000000000000000e+01 4.521376023020892809e+00
9.000000000000000222e-01 2.700000000000000000e+01 3.866558936808855318e+00
0.000000000000000000e+00 2.800000000000000000e+01 2.553948537850109446e+00
1.000000000000000056e-01 2.800000000000000000e+01 3.701359246367408318e+00
2.000000000000000111e-01 2.800000000000000000e+01 4.947322863871904453e+00
2.999999999999999889e-01 2.800000000000000000e+01 4.083077428124973096e+00
4.000000000000000222e-01 2.800000000000000000e+01 4.972703519049418652e+00
5.000000000000000000e-01 2.800000000000000000e+01 3.262418729539810602e+00
5.999999999999999778e-01 2.800000000000000000e+01 4.827462592848638323e+00
7.000000000000000666e-01 2.800000000000000000e+01 3.566618414838028883e+00
8.000000000000000444e-01 2.800000000000000000e+01 4.497054782300304865e+00
9.000000000000000222e-01 2.800000000000000000e+01 3.908014132186337086e+00
0.000000000000000000e+00 2.900000000000000000e+01 2.444006356117062850e+00
1.000000000000000056e-01 2.900000000000000000e+01 3.751684985465932431e+00
2.000000000000000111e-01 2.900000000000000000e+01 4.841561583432472560e+00
2.999999999999999889e-01 2.900000000000000000e+01 4.096628803844332367e+00
4.000000000000000222e-01 2.900000000000000000e+01 5.060322929514998513e+00
5.000000000000000000e-01 2.900000000000000000e+01 3.333723942208031144e+00
5.999999999999999778e-01 2.900000000000000000e+01 5.038661033300933845e+00
7.000000000000000666e-01 2.900000000000000000e+01 3.649182703670525996e+00
8.000000000000000444e-01 2.900000000000000000e+01 4.696827408833479822e+00
9.000000000000000222e-01 2.900000000000000000e+01 3.910680177570908356e+00
0.000000000000000000e+00 3.000000000000000000e+01 2.628742584158985096e+00
1.000000000000000056e-01 3.000000000000000000e+01 3.758898990723604783e+00
2.000000000000000111e-01 3.000000000000000000e+01 4.984381847868239568e+00
2.999999999999999889e-01 3.000000000000000000e+01 4.051157481015584594e+00
4.000000000000000222e-01 3.000000000000000000e+01 5.173094212258845026e+00
5.000000000000000000e-01 3.000000000000000000e+01 3.293485996885316958e+00
5.999999999999999778e-01 3.000000000000000000e+01 5.081293170061710995e+00
7.000000000000000666e-01 3.000000000000000000e+01 3.528940996059386936e+00
8.000000000000000444e-01 3.000000000000000000e+01 4.803874888854618774e+00
9.000000000000000222e-01 3.000000000000000000e+01 3.878720641836681970e+00
0.000000000000000000e+00 3.100000000000000000e+01 2.596171083668202595e+00
1.000000000000000056e-01 3.100000000000000000e+01 3.884438955479247113e+00
2.000000000000000111e-01 3.100000000000000000e+01 4.956996642410417486e+00
2.999999999999999889e-01 3.100000000000000000e+01 4.116661129564077370e+00
4.000000000000000222e-01 3.100000000000000000e+01 5.215413377928535432e+00
5.000000000000000000e-01 3.100000000000000000e+01 3.282368726854158147e+00
5.999999999999999778e-01 3.100000000000000000e+01 5.225463687311503236e+00
7.000000000000000666e-01 3.100000000000000000e+01 3.616739157721317710e+00
8.000000000000000444e-01 3.100000000000000000e+01 4.913786285815500143e+00
9.000000000000000222e-01 3.100000000000000000e+01 3.956453453091323347e+00
0.000000000000000000e+00 3.200000000000000000e+01 2.579740997568572336e+00
1.000000000000000056e-01 3.200000000000000000e+01 3.742302050085478893e+00
2.000000000000000111e-01 3.200000000000000000e+01 5.012399724637082166e+00
2.999999999999999889e-01 3.200000000000000000e+01 4.106199729903401874e+00
4.000000000000000222e-01 3.200000000000000000e+01 5.323731851033416618e+00
5.000000000000000000e-01 3.200000000000000000e+01 3.283204794560894424e+00
5.999999999999999778e-01 3.200000000000000000e+01 5.301703098625239363e+00
7.000000000000000666e-01 3.200000000000000000e+01 3.563953086949396720e+00
8.000000000000000444e-01 3.200000000000000000e+01 4.967193015360220620e+00
9.000000000000000222e-01 3.200000000000000000e+01 3.903654643399461666e+00
0.000000000000000000e+00 3.300000000000000000e+01 2.649075218855442060e+00
1.000000000000000056e-01 3.300000000000000000e+01 3.674945377133676416e+00
2.000000000000000111e-01 3.300000000000000000e+01 5.045518896559440414e+00
2.999999999999999889e-01 3.300000000000000000e+01 4.055556012221525286e+00
4.000000000000000222e-01 3.300000000000000000e+01 5.355988026272236802e+00
5.000000000000000000e-01 3.300000000000000000e+01 3.201408053996023906e+00
5.999999999999999778e-01 3.300000000000000000e+01 5.429530589485287884e+00
7.000000000000000666e-01 3.300000000000000000e+01 3.590598973405596528e+00
8.000000000000000444e-01 3.300000000000000000e+01 4.994255877151128509e+00
9.000000000000000222e-01 3.300000000000000000e+01 3.854318748346032830e+00
0.000000000000000000e+00 3.400000000000000000e+01 2.677345705771437157e+00
1.000000000000000056e-01 3.400000000000000000e+01 3.652774837241050232e+00
2.000000000000000111e-01 3.400000000000000000e+01 5.063940224013217417e+00
2.999999999999999889e-01 3.400000000000000000e+01 4.049485625152251522e+00
4.000000000000000222e-01 3.400000000000000000e+01 5.357418799061116843e+00
5.000000000000000000e-01 3.400000000000000000e+01 3.116198214452461812e+00
5.999999999999999778e-01 3.400000000000000000e+01 5.549718851144722187e+00
7.000000000000000666e-01 3.400000000000000000e+01 3.417006346978297859e+00
8.000000000000000444e-01 3.400000000000000000e+01 5.053059753526640385e+00
9.000000000000000222e-01 3.400000000000000000e+01 3.717153721823517554e+00
0.000000000000000000e+00 3.500000000000000000e+01 2.743243544365489228e+00
1.000000000000000056e-01 3.500000000000000000e+01 3.621207537543034594e+00
2.000000000000000111e-01 3.500000000000000000e+01 5.111918680063406661e+00
2.999999999999999889e-01 3.500000000000000000e+01 4.028015175557551508e+00
4.000000000000000222e-01 3.500000000000000000e+01 5.400188509148820870e+00
5.000000000000000000e-01 3.500000000000000000e+01 3.171346958218732581e+00
5.999999999999999778e-01 3.500000000000000000e+01 5.537626578502435670e+00
7.000000000000000666e-01 3.500000000000000000e+01 3.560113329492951451e+00
8.000000000000000444e-01 3.500000000000000000e+01 4.982945538741955893e+00
9.000000000000000222e-01 3.500000000000000000e+01 3.746494119094613051e+00
0.000000000000000000e+00 3.600000000000000000e+01 2.660264481306624074e+00
1.000000000000000056e-01 3.600000000000000000e+01 3.681628149426917407e+00
2.000000000000000111e-01 3.600000000000000000e+01 5.144588100107660544e+00
2.999999999999999889e-01 3.600000000000000000e+01 3.959122823436797667e+00
4.000000000000000222e-01 3.600000000000000000e+01 5.409290945977297760e+00
5.000000000000000000e-01 3.600000000000000000e+01 3.069155258673107678e+00
5.999999999999999778e-01 3.600000000000000000e+01 5.635165036937907601e+00
7.000000000000000666e-01 3.600000000000000000e+01 3.553523424567292199e+00
8.000000000000000444e-01 3.600000000000000000e+01 5.113186693701437413e+00
9.000000000000000222e-01 3.600000000000000000e+01 3.662255123535309131e+00
0.000000000000000000e+00 3.700000000000000000e+01 2.744867136446563105e+00
1.000000000000000056e-01 3.700000000000000000e+01 3.399983161255867969e+00
2.000000000000000111e-01 3.700000000000000000e+01 5.114892232571315311e+00
2.999999999999999889e-01 3.700000000000000000e+01 3.711100071287154911e+00
4.000000000000000222e-01 3.700000000000000000e+01 5.513941328681836396e+00
5.000000000000000000e-01 3.700000000000000000e+01 2.789308747981342318e+00
5.999999999999999778e-01 3.700000000000000000e+01 5.686918290226005368e+00
7.000000000000000666e-01 3.700000000000000000e+01 3.178139846562857418e+00
8.000000000000000444e-01 3.700000000000000000e+01 5.021597676404578436e+00
9.000000000000000222e-01 3.700000000000000000e+01 3.395890414632193544e+00
0.000000000000000000e+00 3.800000000000000000e+01 2.612667888458946042e+00
1.000000000000000056e-01 3.800000000000000000e+01 3.198238862727049714e+00
2.000000000000000111e-01 3.800000000000000000e+01 5.275300468424591216e+00
2.999999999999999889e-01 3.800000000000000000e+01 3.694389670370217260e+00
4.000000000000000222e-01 3.800000000000000000e+01 5.448263939655691779e+00
5.000000000000000000e-01 3.800000000000000000e+01 2.856793212210286814e+00
5.999999999999999778e-01 3.800000000000000000e+01 5.566280419927632117e+00
7.000000000000000666e-01 3.800000000000000000e+01 3.240173576984374471e+00
8.000000000000000444e-01 3.800000000000000000e+01 4.983382539531694633e+00
9.000000000000000222e-01 3.800000000000000000e+01 3.467196509615517286e+00
0.000000000000000000e+00 3.900000000000000000e+01 2.678970985412763905e+00
1.000000000000000056e-01 3.900000000000000000e+01 3.336731357639703965e+00
2.000000000000000111e-01 3.900000000000000000e+01 5.128637577590295038e+00
2.999999999999999889e-01 3.900000000000000000e+01 3.637297039101138996e+00
4.000000000000000222e-01 3.900000000000000000e+01 5.533468876731786779e+00
5.000000000000000000e-01 3.900000000000000000e+01 2.710561130722322964e+00
5.999999999999999778e-01 3.900000000000000000e+01 5.764022273353702985e+00
7.000000000000000666e-01 3.900000000000000000e+01 3.106648590176771307e+00
8.000000000000000444e-01 3.900000000000000000e+01 5.107519750310224538e+00
9.000000000000000222e-01 3.900000000000000000e+01 3.263466733106857642e+00
0.000000000000000000e+00 4.000000000000000000e+01 2.684008725109960469e+00
1.000000000000000056e-01 4.000000000000000000e+01 3.140638513968930567e+00
2.000000000000000111e-01 4.000000000000000000e+01 5.252120555146129632e+00
2.999999999999999889e-01 4.000000000000000000e+01 3.740513444788962971e+00
4.000000000000000222e-01 4.000000000000000000e+01 5.508631104089909414e+00
5.000000000000000000e-01 4.000000000000000000e+01 3.260356941538138820e+00
5.999999999999999778e-01 4.000000000000000000e+01 5.723513106895568470e+00
7.000000000000000666e-01 4.000000000000000000e+01 2.987725315455044051e+00
8.000000000000000444e-01 4.000000000000000000e+01 5.146116055560671754e+00
9.000000000000000222e-01 4.000000000000000000e+01 3.236792972486211450e+00
0.000000000000000000e+00 4.100000000000000000e+01 2.771405376708014678e+00
1.000000000000000056e-01 4.100000000000000000e+01 3.027484601714123702e+00
2.000000000000000111e-01 4.100000000000000000e+01 5.256031540881724418e+00
2.999999999999999889e-01 4.100000000000000000e+01 3.720417612697477949e+00
4.000000000000000222e-01 4.100000000000000000e+01 5.600563705650754009e+00
5.000000000000000000e-01 4.100000000000000000e+01 2.587321158993131309e+00
5.999999999999999778e-01 4.100000000000000000e+01 5.655037060083893508e+00
7.000000000000000666e-01 4.100000000000000000e+01 2.770778399194564035e+00
8.000000000000000444e-01 4.100000000000000000e+01 5.057787877043944391e+00
9.000000000000000222e-01 4.100000000000000000e+01 3.210612373633287664e+00
0.000000000000000000e+00 4.200000000000000000e+01 3.001921934141376980e+00
1.000000000000000056e-01 4.200000000000000000e+01 2.928683206036831965e+00
2.000000000000000111e-01 4.200000000000000000e+01 5.307099786546661591e+00
2.999999999999999889e-01 4.200000000000000000e+01 3.376087253329810522e+00
4.000000000000000222e-01 4.200000000000000000e+01 5.689614612612399647e+00
5.000000000000000000e-01 4.200000000000000000e+01 2.441285224927017605e+00
5.999999999999999778e-01 4.200000000000000000e+01 5.648321334860585630e+00
7.000000000000000666e-01 4.200000000000000000e+01 2.810431679859060061e+00
8.000000000000000444e-01 4.200000000000000000e+01 5.190918952104747852e+00
9.000000000000000222e-01 4.200000000000000000e+01 3.245771801760694242e+00
0.000000000000000000e+00 4.300000000000000000e+01 3.121331127040696263e+00
1.000000000000000056e-01 4.300000000000000000e+01 2.777615572097618113e+00
2.000000000000000111e-01 4.300000000000000000e+01 5.279374954938542253e+00
2.999999999999999889e-01 4.300000000000000000e+01 3.175781784867799828e+00
4.000000000000000222e-01 4.300000000000000000e+01 5.606438528153521617e+00
5.000000000000000000e-01 4.300000000000000000e+01 2.556640252344511755e+00
5.999999999999999778e-01 4.300000000000000000e+01 5.838671090832175281e+00
7.000000000000000666e-01 4.300000000000000000e+01 2.790324822160950013e+00
8.000000000000000444e-01 4.300000000000000000e+01 5.056931551845307737e+00
9.000000000000000222e-01 4.300000000000000000e+01 2.913962956591845455e+00
0.000000000000000000e+00 4.400000000000000000e+01 2.817619464059375023e+00
1.000000000000000056e-01 4.400000000000000000e+01 2.771347509316286484e+00
2.000000000000000111e-01 4.400000000000000000e+01 5.292079405444263251e+00
2.999999999999999889e-01 4.400000000000000000e+01 3.216625806121676145e+00
4.000000000000000222e-01 4.400000000000000000e+01 5.651597901661135737e+00
5.000000000000000000e-01 4.400000000000000000e+01 2.383594977992227637e+00
5.999999999999999778e-01 4.400000000000000000e+01 5.796830986462409463e+00
7.000000000000000666e-01 4.400000000000000000e+01 2.707073054538166712e+00
8.000000000000000444e-01 4.400000000000000000e+01 5.352048231212107154e+00
9.000000000000000222e-01 4.400000000000000000e+01 3.057452985905852128e+00
0.000000000000000000e+00 4.500000000000000000e+01 2.798528021399146137e+00
1.000000000000000056e-01 4.500000000000000000e+01 2.615578453889636723e+00
2.000000000000000111e-01 4.500000000000000000e+01 5.378306151561474735e+00
2.999999999999999889e-01 4.500000000000000000e+01 2.916966496779369145e+00
4.000000000000000222e-01 4.500000000000000000e+01 5.617667101829534104e+00
5.000000000000000000e-01 4.500000000000000000e+01 2.298214072014841403e+00
5.999999999999999778e-01 4.500000000000000000e+01 5.892023856251491942e+00
7.000000000000000666e-01 4.500000000000000000e+01 2.469527384467470554e+00
8.000000000000000444e-01 4.500000000000000000e+01 5.006187049685261847e+00
9.000000000000000222e-01 4.500000000000000000e+01 2.797716986402956962e+00
0.000000000000000000e+00 4.600000000000000000e+01 3.048527042805155851e+00
1.000000000000000056e-01 4.600000000000000000e+01 2.400945350619755114e+00
2.000000000000000111e-01 4.600000000000000000e+01 5.323117793352587057e+00
2.999999999999999889e-01 4.600000000000000000e+01 2.871167917700828909e+00
4.000000000000000222e-01 4.600000000000000000e+01 5.858496342212369257e+00
5.000000000000000000e-01 4.600000000000000000e+01 2.191171495522450829e+00
5.999999999999999778e-01 4.600000000000000000e+01 5.996515537235212356e+00
7.000000000000000666e-01 4.600000000000000000e+01 2.477666067497506397e+00
8.000000000000000444e-01 4.600000000000000000e+01 5.145780912790897332e+00
9.000000000000000222e-01 4.600000000000000000e+01 2.694262644085944292e+00
0.000000000000000000e+00 4.700000000000000000e+01 3.272891712851693224e+00
1.000000000000000056e-01 4.700000000000000000e+01 2.334543802397255341e+00
2.000000000000000111e-01 4.700000000000000000e+01 5.572747507057283833e+00
2.999999999999999889e-01 4.700000000000000000e+01 2.774416415249007173e+00
4.000000000000000222e-01 4.700000000000000000e+01 5.915030319240609735e+00
5.000000000000000000e-01 4.700000000000000000e+01 2.070862157309506291e+00
5.999999999999999778e-01 4.700000000000000000e+01 6.072681248795193554e+00
7.000000000000000666e-01 4.700000000000000000e+01 2.419816248420589844e+00
8.000000000000000444e-01 4.700000000000000000e+01 5.222859423674399260e+00
9.000000000000000222e-01 4.700000000000000000e+01 2.752621134634579469e+00
0.000000000000000000e+00 4.800000000000000000e+01 3.314891207171228427e+00
1.000000000000000056e-01 4.800000000000000000e+01 2.426735518091680088e+00
2.000000000000000111e-01 4.800000000000000000e+01 5.649844777511127347e+00
2.999999999999999889e-01 4.800000000000000000e+01 2.654779070796819074e+00
4.000000000000000222e-01 4.800000000000000000e+01 5.859092839678270437e+00
5.000000000000000000e-01 4.800000000000000000e+01 2.145871816740790194e+00
5.999999999999999778e-01 4.800000000000000000e+01 6.063170711758835374e+00
7.000000000000000666e-01 4.800000000000000000e+01 2.311634069398704749e+00
8.000000000000000444e-01 4.800000000000000000e+01 5.202030437357980652e+00
9.000000000000000222e-01 4.800000000000000000e+01 2.572731563430297186e+00
0.000000000000000000e+00 4.900000000000000000e+01 3.297556640909377279e+00
1.000000000000000056e-01 4.900000000000000000e+01 2.416261079684935087e+00
2.000000000000000111e-01 4.900000000000000000e+01 5.619446297167742799e+00
2.999999999999999889e-01 4.900000000000000000e+01 2.550440243094887371e+00
4.000000000000000222e-01 4.900000000000000000e+01 6.011971724074826717e+00
5.000000000000000000e-01 4.900000000000000000e+01 1.802582012313262316e+00
5.999999999999999778e-01 4.900000000000000000e+01 6.166634111568166432e+00
7.000000000000000666e-01 4.900000000000000000e+01 2.168526033296777289e+00
8.000000000000000444e-01 4.900000000000000000e+01 5.204683173609197411e+00
9.000000000000000222e-01 4.900000000000000000e+01 2.431173450767170952e+00
0.000000000000000000e+00 5.000000000000000000e+01 2.780482354703678993e+00
1.000000000000000056e-01 5.000000000000000000e+01 1.908508859440934291e+00
2.000000000000000111e-01 5.000000000000000000e+01 5.596355439793500253e+00
2.999999999999999889e-01 5.000000000000000000e+01 2.478712471585374111e+00
4.000000000000000222e-01 5.000000000000000000e+01 5.921738466674091761e+00
5.000000000000000000e-01 5.000000000000000000e+01 1.711397062789783208e+00
5.999999999999999778e-01 5.000000000000000000e+01 5.937991295922228296e+00
7.000000000000000666e-01 5.000000000000000000e+01 2.386969459005046534e+00
8.000000000000000444e-01 5.000000000000000000e+01 5.366669960828826191e+00
9.000000000000000222e-01 5.000000000000000000e+01 2.510442619722173418e+00
0.000000000000000000e+00 5.100000000000000000e+01 2.961494137761495615e+00
1.000000000000000056e-01 5.100000000000000000e+01 1.920743862657495971e+00
2.000000000000000111e-01 5.100000000000000000e+01 5.649029717494938652e+00
2.999999999999999889e-01 5.100000000000000000e+01 2.234085111056688611e+00
4.000000000000000222e-01 5.100000000000000000e+01 5.904467503016275209e+00
5.000000000000000000e-01 5.100000000000000000e+01 1.837181380832989097e+00
5.999999999999999778e-01 5.100000000000000000e+01 6.101093195079896780e+00
7.000000000000000666e-01 5.100000000000000000e+01 2.325840378024356170e+00
8.000000000000000444e-01 5.100000000000000000e+01 5.205154242923902608e+00
9.000000000000000222e-01 5.100000000000000000e+01 2.133413726367102470e+00
0.000000000000000000e+00 5.200000000000000000e+01 2.877012170266573854e+00
1.000000000000000056e-01 5.200000000000000000e+01 2.349305987027573206e+00
2.000000000000000111e-01 5.200000000000000000e+01 5.903140462150940238e+00
2.999999999999999889e-01 5.200000000000000000e+01 2.160916867107217421e+00
4.000000000000000222e-01 5.200000000000000000e+01 6.124177232738210463e+00
5.000000000000000000e-01 5.200000000000000000e+01 2.102631271511880229e+00
5.999999999999999778e-01 5.200000000000000000e+01 6.184401016464056156e+00
7.000000000000000666e-01 5.200000000000000000e+01 2.007593496734829674e+00
8.000000000000000444e-01 5.200000000000000000e+01 5.380359926004195437e+00
9.000000000000000222e-01 5.200000000000000000e+01 2.238278474633229820e+00
0.000000000000000000e+00 5.300000000000000000e+01 2.853763552155183181e+00
1.000000000000000056e-01 5.300000000000000000e+01 1.707442639505034387e+00
2.000000000000000111e-01 5.300000000000000000e+01 5.873750411316164488e+00
2.999999999999999889e-01 5.300000000000000000e+01 2.182784080093424617e+00
4.000000000000000222e-01 5.300000000000000000e+01 5.983098499274349003e+00
5.000000000000000000e-01 5.300000000000000000e+01 1.623010097457329381e+00
5.999999999999999778e-01 5.300000000000000000e+01 6.170929251760967738e+00
7.000000000000000666e-01 5.300000000000000000e+01 2.060000667605847990e+00
8.000000000000000444e-01 5.300000000000000000e+01 5.368123898907252389e+00
9.000000000000000222e-01 5.300000000000000000e+01 2.094528099554206158e+00
0.000000000000000000e+00 5.400000000000000000e+01 2.965332228133821690e+00
1.000000000000000056e-01 5.400000000000000000e+01 1.649633436024034339e+00
2.000000000000000111e-01 5.400000000000000000e+01 5.890334670773790471e+00
2.999999999999999889e-01 5.400000000000000000e+01 2.105189338491552320e+00
4.000000000000000222e-01 5.400000000000000000e+01 6.233305935885534943e+00
5.000000000000000000e-01 5.400000000000000000e+01 1.571831104532626089e+00
5.999999999999999778e-01 5.400000000000000000e+01 6.285064316459585854e+00
7.000000000000000666e-01 5.400000000000000000e+01 1.814139749973260107e+00
8.000000000000000444e-01 5.400000000000000000e+01 5.291797973084030104e+00
9.000000000000000222e-01 5.400000000000000000e+01 1.916448919702455678e+00
0.000000000000000000e+00 5.500000000000000000e+01 2.869053769737308635e+00
1.000000000000000056e-01 5.500000000000000000e+01 1.540776833859524242e+00
2.000000000000000111e-01 5.500000000000000000e+01 5.931635338744301045e+00
2.999999999999999889e-01 5.500000000000000000e+01 1.906396712116372072e+00
4.000000000000000222e-01 5.500000000000000000e+01 6.081250794247738511e+00
5.000000000000000000e-01 5.500000000000000000e+01 1.669722106670693762e+00
5.999999999999999778e-01 5.500000000000000000e+01 6.365994261544416943e+00
7.000000000000000666e-01 5.500000000000000000e+01 1.825695694785812284e+00
8.000000000000000444e-01 5.500000000000000000e+01 5.421638730354797708e+00
9.000000000000000222e-01 5.500000000000000000e+01 1.920886952834002903e+00
0.000000000000000000e+00 5.600000000000000000e+01 3.051290493581633179e+00
1.000000000000000056e-01 5.600000000000000000e+01 1.636372551887301796e+00
2.000000000000000111e-01 5.600000000000000000e+01 5.986711263924255455e+00
2.999999999999999889e-01 5.600000000000000000e+01 1.802089448657441029e+00
4.000000000000000222e-01 5.600000000000000000e+01 6.135493138753098208e+00
5.000000000000000000e-01 5.600000000000000000e+01 1.554432957158323747e+00
5.999999999999999778e-01 5.600000000000000000e+01 6.364409248527039153e+00
7.000000000000000666e-01 5.600000000000000000e+01 1.600981773523354468e+00
8.000000000000000444e-01 5.600000000000000000e+01 5.434146128286303501e+00
9.000000000000000222e-01 5.600000000000000000e+01 1.747825967484281540e+00
0.000000000000000000e+00 5.700000000000000000e+01 3.226795331825114577e+00
1.000000000000000056e-01 5.700000000000000000e+01 1.558418447528674644e+00
2.000000000000000111e-01 5.700000000000000000e+01 6.101431649385578027e+00
2.999999999999999889e-01 5.700000000000000000e+01 1.543929276116066784e+00
4.000000000000000222e-01 5.700000000000000000e+01 6.234677518597757206e+00
5.000000000000000000e-01 5.700000000000000000e+01 1.251569413613758508e+00
5.999999999999999778e-01 5.700000000000000000e+01 6.402518599801652499e+00
7.000000000000000666e-01 5.700000000000000000e+01 1.660358170396829092e+00
8.000000000000000444e-01 5.700000000000000000e+01 5.617442697881886993e+00
9.000000000000000222e-01 5.700000000000000000e+01 1.755355057621537318e+00
0.000000000000000000e+00 5.800000000000000000e+01 3.088326556734929174e+00
1.000000000000000056e-01 5.800000000000000000e+01 1.427357517177908264e+00
2.000000000000000111e-01 5.800000000000000000e+01 6.043648791619087746e+00
2.999999999999999889e-01 5.800000000000000000e+01 1.443527504175182274e+00
4.000000000000000222e-01 5.800000000000000000e+01 6.398646976634425165e+00
5.000000000000000000e-01 5.800000000000000000e+01 1.211365947950836963e+00
5.999999999999999778e-01 5.800000000000000000e+01 6.532801744468993199e+00
7.000000000000000666e-01 5.800000000000000000e+01 1.418770540506392841e+00
8.000000000000000444e-01 5.800000000000000000e+01 5.578401778475777562e+00
9.000000000000000222e-01 5.800000000000000000e+01 1.662734193911499680e+00
0.000000000000000000e+00 5.900000000000000000e+01 3.206750610065482121e+00
1.000000000000000056e-01 5.900000000000000000e+01 1.387710772243285096e+00
2.000000000000000111e-01 5.900000000000000000e+01 6.115785901186055362e+00
2.999999999999999889e-01 5.900000000000000000e+01 1.476581085340450628e+00
4.000000000000000222e-01 5.900000000000000000e+01 6.335187501416030820e+00
5.000000000000000000e-01 5.900000000000000000e+01 1.180062884664593303e+00
5.999999999999999778e-01 5.900000000000000000e+01 6.439729086860347174e+00
7.000000000000000666e-01 5.900000000000000000e+01 1.495750174570209978e+00
8.000000000000000444e-01 5.900000000000000000e+01 5.551920592428330359e+00
9.000000000000000222e-01 5.900000000000000000e+01 1.448743108268572888e+00
0.000000000000000000e+00 6.000000000000000000e+01 3.583852108148295468e+00
1.000000000000000056e-01 6.000000000000000000e+01 1.614284974614206281e+00
2.000000000000000111e-01 6.000000000000000000e+01 6.215264409642113463e+00
2.999999999999999889e-01 6.000000000000000000e+01 1.759296403616724014e+00
4.000000000000000222e-01 6.000000000000000000e+01 6.418143651087250490e+00
5.000000000000000000e-01 6.000000000000000000e+01 1.677079513957697499e+00
5.999999999999999778e-01 6.000000000000000000e+01 6.545625992553977923e+00
7.000000000000000666e-01 6.000000000000000000e+01 1.250446148289461989e+00
8.000000000000000444e-01 6.000000000000000000e+01 5.634300272333924831e+00
9.000000000000000222e-01 6.000000000000000000e+01 1.381892684447441288e+00
0.000000000000000000e+00 6.100000000000000000e+01 3.730097676969243103e+00
1.000000000000000056e-01 6.100000000000000000e+01 1.356778747082723502e+00
2.000000000000000111e-01 6.100000000000000000e+01 6.237790709162640113e+00
2.999999999999999889e-01 6.100000000000000000e+01 2.181268078925928222e+00
4.000000000000000222e-01 6.100000000000000000e+01 6.580880198512437218e+00
5.000000000000000000e-01 6.100000000000000000e+01 1.464557097724918711e+00
5.999999999999999778e-01 6.100000000000000000e+01 6.526591705505023988e+00
7.000000000000000666e-01 6.100000000000000000e+01 1.131622795858733266e+00
8.000000000000000444e-01 6.100000000000000000e+01 5.582298465514645258e+00
9.000000000000000222e-01 6.100000000000000000e+01 1.307363768301916362e+00
0.000000000000000000e+00 6.200000000000000000e+01 3.365649473022359395e+00
1.000000000000000056e-01 6.200000000000000000e+01 1.015184153486765384e+00
2.000000000000000111e-01 6.200000000000000000e+01 6.252974119445324774e+00
2.999999999999999889e-01 6.200000000000000000e+01 1.337076831755447559e+00
4.000000000000000222e-01 6.200000000000000000e+01 6.493900091978925815e+00
5.000000000000000000e-01 6.200000000000000000e+01 8.625005685738373895e-01
5.999999999999999778e-01 6.200000000000000000e+01 6.567388100660974004e+00
7.000000000000000666e-01 6.200000000000000000e+01 1.161907205730272841e+00
8.000000000000000444e-01 6.200000000000000000e+01 5.671397721531460157e+00
9.000000000000000222e-01 6.200000000000000000e+01 1.234417402855823687e+00
0.000000000000000000e+00 6.300000000000000000e+01 3.093195144634371729e+00
1.000000000000000056e-01 6.300000000000000000e+01 6.104134933245904948e-01
2.000000000000000111e-01 6.300000000000000000e+01 6.233585460242584197e+00
2.999999999999999889e-01 6.300000000000000000e+01 5.751491168256216424e-01
4.000000000000000222e-01 6.300000000000000000e+01 6.415418326825394146e+00
5.000000000000000000e-01 6.300000000000000000e+01 3.495881091073935742e-01
5.999999999999999778e-01 6.300000000000000000e+01 6.526010324191522827e+00
7.000000000000000666e-01 6.300000000000000000e+01 9.598060409599505904e-01
8.000000000000000444e-01 6.300000000000000000e+01 5.570271856507840624e+00
9.000000000000000222e-01 6.300000000000000000e+01 1.011525203997508671e+00
0.000000000000000000e+00 6.400000000000000000e+01 3.137835754384834086e+00
1.000000000000000056e-01 6.400000000000000000e+01 9.651004972784097413e-01
2.000000000000000111e-01 6.400000000000000000e+01 6.349800701761623145e+00
2.999999999999999889e-01 6.400000000000000000e+01 6.016482195167233149e-01
4.000000000000000222e-01 6.400000000000000000e+01 6.602502890884117015e+00
5.000000000000000000e-01 6.400000000000000000e+01 3.323133686484489591e-01
5.999999999999999778e-01 6.400000000000000000e+01 6.564699048095891776e+00
7.000000000000000666e-01 6.400000000000000000e+01 8.571413582123001973e-01
8.000000000000000444e-01 6.400000000000000000e+01 5.611853872401041166e+00
9.000000000000000222e-01 6.400000000000000000e+01 9.548568061123493544e-01
0.000000000000000000e+00 6.500000000000000000e+01 3.132580111037051473e+00
1.000000000000000056e-01 6.500000000000000000e+01 1.632475481282516405e+00
2.000000000000000111e-01 6.500000000000000000e+01 6.232742645794726144e+00
2.999999999999999889e-01 6.500000000000000000e+01 1.896980607818505415e+00
4.000000000000000222e-01 6.500000000000000000e+01 6.457483769695955722e+00
5.000000000000000000e-01 6.500000000000000000e+01 2.462311443991739290e-01
5.999999999999999778e-01 6.500000000000000000e+01 6.595553626761148536e+00
7.000000000000000666e-01 6.500000000000000000e+01 7.344748801880288669e-01
8.000000000000000444e-01 6.500000000000000000e+01 5.528241768572779158e+00
9.000000000000000222e-01 6.500000000000000000e+01 8.626426979778706317e-01
0.000000000000000000e+00 6.600000000000000000e+01 3.266797901948487848e+00
1.000000000000000056e-01 6.600000000000000000e+01 2.079493822457777252e+00
2.000000000000000111e-01 6.600000000000000000e+01 6.203168736883887036e+00
2.999999999999999889e-01 6.600000000000000000e+01 1.900962528478727376e-01
4.000000000000000222e-01 6.600000000000000000e+01 6.469382365097948728e+00
5.000000000000000000e-01 6.600000000000000000e+01 1.231612811481013758e-01
5.999999999999999778e-01 6.600000000000000000e+01 6.494813886730001151e+00
7.000000000000000666e-01 6.600000000000000000e+01 6.284814757786335582e-01
8.000000000000000444e-01 6.600000000000000000e+01 5.559352908935196957e+00
9.000000000000000222e-01 6.600000000000000000e+01 6.207994272379977474e-01
0.000000000000000000e+00 6.700000000000000000e+01 3.753374357907233172e+00
1.000000000000000056e-01 6.700000000000000000e+01 6.480981887140485620e-02
2.000000000000000111e-01 6.700000000000000000e+01 6.423889855762022094e+00
2.999999999999999889e-01 6.700000000000000000e+01 4.606095337869936523e-01
4.000000000000000222e-01 6.700000000000000000e+01 6.484135729391335978e+00
5.000000000000000000e-01 6.700000000000000000e+01 1.157333089656480962e-01
5.999999999999999778e-01 6.700000000000000000e+01 6.628956222635316919e+00
7.000000000000000666e-01 6.700000000000000000e+01 5.906533667587305914e-01
8.000000000000000444e-01 6.700000000000000000e+01 5.538217685581036775e+00
9.000000000000000222e-01 6.700000000000000000e+01 5.717527950436869233e-01
0.000000000000000000e+00 6.800000000000000000e+01 3.718853840350182516e+00
1.000000000000000056e-01 6.800000000000000000e+01 4.948131449351831912e-01
2.000000000000000111e-01 6.800000000000000000e+01 6.289989052179094209e+00
2.999999999999999889e-01 6.800000000000000000e+01 5.604233925898323143e-01
4.000000000000000222e-01 6.800000000000000000e+01 6.495424122394140909e+00
5.000000000000000000e-01 6.800000000000000000e+01 1.522825676015631957e-01
5.999999999999999778e-01 6.800000000000000000e+01 6.696190005748605678e+00
7.000000000000000666e-01 6.800000000000000000e+01 3.623870914010337008e-01
8.000000000000000444e-01 6.800000000000000000e+01 5.617465357597856368e+00
9.000000000000000222e-01 6.800000000000000000e+01 5.408402288037091887e-01
0.000000000000000000e+00 6.900000000000000000e+01 4.022658135247212385e+00
1.000000000000000056e-01 6.900000000000000000e+01 4.473390430324457046e-01
2.000000000000000111e-01 6.900000000000000000e+01 6.351696703733893834e+00
2.999999999999999889e-01 6.900000000000000000e+01 4.244066985080775511e-01
4.000000000000000222e-01 6.900000000000000000e+01 6.456597890053014765e+00
5.000000000000000000e-01 6.900000000000000000e+01 4.980036220445270279e-01
5.999999999999999778e-01 6.900000000000000000e+01 6.511695319095815115e+00
7.000000000000000666e-01 6.900000000000000000e+01 3.867848512943920514e-01
8.000000000000000444e-01 6.900000000000000000e+01 5.406576632723392173e+00
9.000000000000000222e-01 6.900000000000000000e+01 2.314916744373648749e-01
0.000000000000000000e+00 7.000000000000000000e+01 4.159417613663074498e+00
1.000000000000000056e-01 7.000000000000000000e+01 6.797128121780283694e-01
2.000000000000000111e-01 7.000000000000000000e+01 6.290912788466787475e+00
2.999999999999999889e-01 7.000000000000000000e+01 7.290994533872542371e-01
4.000000000000000222e-01 7.000000000000000000e+01 6.430915038372194914e+00
5.000000000000000000e-01 7.000000000000000000e+01 6.100597705764785328e-01
5.999999999999999778e-01 7.000000000000000000e+01 6.468995400193871426e+00
7.000000000000000666e-01 7.000000000000000000e+01 4.408172207026378464e-01
8.000000000000000444e-01 7.000000000000000000e+01 5.479623716058282135e+00
9.000000000000000222e-01 7.000000000000000000e+01 4.474751373696974621e-01
0.000000000000000000e+00 7.100000000000000000e+01 4.039032394791742142e+00
1.000000000000000056e-01 7.100000000000000000e+01 8.252776417511803464e-01
2.000000000000000111e-01 7.100000000000000000e+01 6.216847158417244223e+00
2.999999999999999889e-01 7.100000000000000000e+01 8.656946958389662994e-01
4.000000000000000222e-01 7.100000000000000000e+01 6.680040049574800243e+00
5.000000000000000000e-01 7.100000000000000000e+01 7.729946740160930085e-01
5.999999999999999778e-01 7.100000000000000000e+01 6.547440868122811786e+00
7.000000000000000666e-01 7.100000000000000000e+01 3.924775984977041388e-01
8.000000000000000444e-01 7.100000000000000000e+01 5.600595789180272455e+00
9.000000000000000222e-01 7.100000000000000000e+01 3.365728259272219303e-01
0.000000000000000000e+00 7.200000000000000000e+01 4.317343136020004302e+00
1.000000000000000056e-01 7.200000000000000000e+01 8.603802069918605744e-01
2.000000000000000111e-01 7.200000000000000000e+01 6.347855956833825530e+00
2.999999999999999889e-01 7.200000000000000000e+01 1.424830695287258253e+00
4.000000000000000222e-01 7.200000000000000000e+01 6.439726315331300910e+00
5.000000000000000000e-01 7.200000000000000000e+01 9.289531992774248126e-01
5.999999999999999778e-01 7.200000000000000000e+01 6.453902739603713634e+00
7.000000000000000666e-01 7.200000000000000000e+01 6.689370804396220782e-01
8.000000000000000444e-01 7.200000000000000000e+01 5.482822921553385243e+00
9.000000000000000222e-01 7.200000000000000000e+01 2.840734215398845741e-01
0.000000000000000000e+00 7.300000000000000000e+01 4.406375695611927767e+00
1.000000000000000056e-01 7.300000000000000000e+01 9.329120190058352025e-01
2.000000000000000111e-01 7.300000000000000000e+01 6.368542041708517232e+00
2.999999999999999889e-01 7.300000000000000000e+01 2.003557569470611810e+00
4.000000000000000222e-01 7.300000000000000000e+01 6.456976114176408821e+00
5.000000000000000000e-01 7.300000000000000000e+01 1.147589058956262287e+00
5.999999999999999778e-01 7.300000000000000000e+01 6.456794333654645612e+00
7.000000000000000666e-01 7.300000000000000000e+01 8.248454473469025716e-01
8.000000000000000444e-01 7.300000000000000000e+01 5.351971102260376867e+00
9.000000000000000222e-01 7.300000000000000000e+01 5.277947820540901391e-01
0.000000000000000000e+00 7.400000000000000000e+01 4.392911740962375688e+00
1.000000000000000056e-01 7.400000000000000000e+01 1.067261505332663285e+00
2.000000000000000111e-01 7.400000000000000000e+01 6.294627512019017601e+00
2.999999999999999889e-01 7.400000000000000000e+01 1.495656306500890320e+00
4.000000000000000222e-01 7.400000000000000000e+01 6.463457083195580211e+00
5.000000000000000000e-01 7.400000000000000000e+01 1.114574091809612755e+00
5.999999999999999778e-01 7.400000000000000000e+01 6.510139090738737089e+00
7.000000000000000666e-01 7.400000000000000000e+01 8.904306231356161616e-01
8.000000000000000444e-01 7.400000000000000000e+01 5.354648263981033551e+00
9.000000000000000222e-01 7.400000000000000000e+01 4.373934624163992035e-01
0.000000000000000000e+00 7.500000000000000000e+01 3.390312843607477866e+00
1.000000000000000056e-01 7.500000000000000000e+01 1.068516637584482343e+00
2.000000000000000111e-01 7.500000000000000000e+01 6.265477185334109578e+00
2.999999999999999889e-01 7.500000000000000000e+01 1.587752333653741799e+00
4.000000000000000222e-01 7.500000000000000000e+01 6.258255343740661836e+00
5.000000000000000000e-01 7.500000000000000000e+01 1.563659652591611549e+00
5.999999999999999778e-01 7.500000000000000000e+01 6.491429325656139504e+00
7.000000000000000666e-01 7.500000000000000000e+01 9.908839878732342843e-01
8.000000000000000444e-01 7.500000000000000000e+01 5.187523657065408855e+00
9.000000000000000222e-01 7.500000000000000000e+01 8.570114596862353773e-01
0.000000000000000000e+00 7.600000000000000000e+01 3.070651995017962488e+00
1.000000000000000056e-01 7.600000000000000000e+01 1.311730431143176334e+00
2.000000000000000111e-01 7.600000000000000000e+01 6.103452942304815387e+00
2.999999999999999889e-01 7.600000000000000000e+01 1.649677154602753104e+00
4.000000000000000222e-01 7.600000000000000000e+01 6.234555094440938916e+00
5.000000000000000000e-01 7.600000000000000000e+01 1.667266584589358169e+00
5.999999999999999778e-01 7.600000000000000000e+01 6.136076942163750658e+00
7.000000000000000666e-01 7.600000000000000000e+01 1.167539520215987281e+00
8.000000000000000444e-01 7.600000000000000000e+01 5.249248575887068391e+00
9.000000000000000222e-01 7.600000000000000000e+01 8.266688889754745251e-01
0.000000000000000000e+00 7.700000000000000000e+01 2.972307897512764807e+00
1.000000000000000056e-01 7.700000000000000000e+01 1.672255463028766709e+00
2.000000000000000111e-01 7.700000000000000000e+01 6.609754363135917465e+00
2.999999999999999889e-01 7.700000000000000000e+01 2.200541775865324290e+00
4.000000000000000222e-01 7.700000000000000000e+01 6.191897504341524971e+00
5.000000000000000000e-01 7.700000000000000000e+01 1.786991694382911611e+00
5.999999999999999778e-01 7.700000000000000000e+01 6.342354417468680339e+00
7.000000000000000666e-01 7.700000000000000000e+01 1.313631228419173125e+00
8.000000000000000444e-01 7.700000000000000000e+01 5.167260870222293079e+00
9.000000000000000222e-01 7.700000000000000000e+01 8.099687166404475613e-01
0.000000000000000000e+00 7.800000000000000000e+01 2.953244370166520305e+00
1.000000000000000056e-01 7.800000000000000000e+01 1.545578466442106391e+00
2.000000000000000111e-01 7.800000000000000000e+01 5.907475003078007880e+00
2.999999999999999889e-01 7.800000000000000000e+01 1.800996722074355461e+00
4.000000000000000222e-01 7.800000000000000000e+01 6.198753363383247894e+00
5.000000000000000000e-01 7.800000000000000000e+01 1.860185747981251803e+00
5.999999999999999778e-01 7.800000000000000000e+01 6.395465292269855162e+00
7.000000000000000666e-01 7.800000000000000000e+01 1.591927675985055801e+00
8.000000000000000444e-01 7.800000000000000000e+01 5.201625700234678185e+00
9.000000000000000222e-01 7.800000000000000000e+01 1.062810702711949995e+00
0.000000000000000000e+00 7.900000000000000000e+01 3.240003214390138275e+00
1.000000000000000056e-01 7.900000000000000000e+01 1.935824947713026711e+00
2.000000000000000111e-01 7.900000000000000000e+01 6.200220042906643414e+00
2.999999999999999889e-01 7.900000000000000000e+01 2.496876981229947834e+00
4.000000000000000222e-01 7.900000000000000000e+01 6.034905390101144462e+00
5.000000000000000000e-01 7.900000000000000000e+01 2.189230163760877979e+00
5.999999999999999778e-01 7.900000000000000000e+01 6.099768510451623271e+00
7.000000000000000666e-01 7.900000000000000000e+01 1.806266132133033109e+00
8.000000000000000444e-01 7.900000000000000000e+01 5.158990570015143717e+00
9.000000000000000222e-01 7.900000000000000000e+01 1.343001863810395990e+00
0.000000000000000000e+00 8.000000000000000000e+01 3.526726530930132331e+00
1.000000000000000056e-01 8.000000000000000000e+01 1.923593454601709940e+00
2.000000000000000111e-01 8.000000000000000000e+01 6.064040932170616571e+00
2.999999999999999889e-01 8.000000000000000000e+01 2.712060492411152879e+00
4.000000000000000222e-01 8.000000000000000000e+01 6.014546034485476866e+00
5.000000000000000000e-01 8.000000000000000000e+01 2.241320215559717166e+00
5.999999999999999778e-01 8.000000000000000000e+01 6.287135383425051849e+00
7.000000000000000666e-01 8.000000000000000000e+01 1.861597769958825976e+00
8.000000000000000444e-01 8.000000000000000000e+01 5.298733789943742778e+00
9.000000000000000222e-01 8.000000000000000000e+01 1.453058715320949101e+00
0.000000000000000000e+00 8.100000000000000000e+01 3.058196838268754103e+00
1.000000000000000056e-01 8.100000000000000000e+01 1.785162981392142134e+00
2.000000000000000111e-01 8.100000000000000000e+01 5.986553202094180293e+00
2.999999999999999889e-01 8.100000000000000000e+01 3.145969289251210110e+00
4.000000000000000222e-01 8.100000000000000000e+01 6.177007353937743694e+00
5.000000000000000000e-01 8.100000000000000000e+01 2.480885390538161595e+00
5.999999999999999778e-01 8.100000000000000000e+01 6.209444784380198534e+00
7.000000000000000666e-01 8.100000000000000000e+01 2.019254545684305402e+00
8.000000000000000444e-01 8.100000000000000000e+01 5.007075384045667654e+00
9.000000000000000222e-01 8.100000000000000000e+01 1.276139606859716391e+00
0.000000000000000000e+00 8.200000000000000000e+01 2.805664403988822109e+00
1.000000000000000056e-01 8.200000000000000000e+01 2.187102948673612879e+00
2.000000000000000111e-01 8.200000000000000000e+01 6.033551278173554522e+00
2.999999999999999889e-01 8.200000000000000000e+01 2.731965884252887111e+00
4.000000000000000222e-01 8.200000000000000000e+01 6.031688865888185980e+00
5.000000000000000000e-01 8.200000000000000000e+01 2.778370375980484752e+00
5.999999999999999778e-01 8.200000000000000000e+01 6.035287989129423991e+00
7.000000000000000666e-01 8.200000000000000000e+01 1.979719361521842247e+00
8.000000000000000444e-01 8.200000000000000000e+01 5.073354128589995682e+00
9.000000000000000222e-01 8.200000000000000000e+01 1.760756479565021237e+00
0.000000000000000000e+00 8.300000000000000000e+01 2.923783058785333289e+00
1.000000000000000056e-01 8.300000000000000000e+01 2.331666942868792169e+00
2.000000000000000111e-01 8.300000000000000000e+01 5.972207393896725058e+00
2.999999999999999889e-01 8.300000000000000000e+01 2.971596856544612031e+00
4.000000000000000222e-01 8.300000000000000000e+01 6.050389723342027182e+00
5.000000000000000000e-01 8.300000000000000000e+01 2.834722365156487012e+00
5.999999999999999778e-01 8.300000000000000000e+01 6.220001975313983245e+00
7.000000000000000666e-01 8.300000000000000000e+01 2.347208648788094543e+00
8.000000000000000444e-01 8.300000000000000000e+01 4.901863973224942939e+00
9.000000000000000222e-01 8.300000000000000000e+01 1.734017964988403993e+00
0.000000000000000000e+00 8.400000000000000000e+01 3.849627825639899026e+00
1.000000000000000056e-01 8.400000000000000000e+01 2.438180318122707302e+00
2.000000000000000111e-01 8.400000000000000000e+01 5.890664950847860126e+00
2.999999999999999889e-01 8.400000000000000000e+01 3.478551877962392513e+00
4.000000000000000222e-01 8.400000000000000000e+01 6.097618833185803666e+00
5.000000000000000000e-01 8.400000000000000000e+01 2.876867680491176138e+00
5.999999999999999778e-01 8.400000000000000000e+01 5.950118799719569473e+00
7.000000000000000666e-01 8.400000000000000000e+01 2.393044048201149465e+00
8.000000000000000444e-01 8.400000000000000000e+01 5.119010083987549642e+00
9.000000000000000222e-01 8.400000000000000000e+01 2.019405714894428439e+00
0.000000000000000000e+00 8.500000000000000000e+01 4.057791415626906151e+00
1.000000000000000056e-01 8.500000000000000000e+01 2.656644203664047854e+00
2.000000000000000111e-01 8.500000000000000000e+01 5.884346732079803743e+00
2.999999999999999889e-01 8.500000000000000000e+01 3.632842120189447410e+00
4.000000000000000222e-01 8.500000000000000000e+01 5.911392009912101564e+00
5.000000000000000000e-01 8.500000000000000000e+01 2.996728074771461081e+00
5.999999999999999778e-01 8.500000000000000000e+01 5.888680404060504969e+00
7.000000000000000666e-01 8.500000000000000000e+01 2.582730885449307401e+00
8.000000000000000444e-01 8.500000000000000000e+01 4.771339015160425134e+00
9.000000000000000222e-01 8.500000000000000000e+01 2.141916302856049725e+00
0.000000000000000000e+00 8.600000000000000000e+01 3.757775113977801507e+00
1.000000000000000056e-01 8.600000000000000000e+01 2.832898890884865128e+00
2.000000000000000111e-01 8.600000000000000000e+01 6.271986409641696625e+00
2.999999999999999889e-01 8.600000000000000000e+01 3.862193779025978380e+00
4.000000000000000222e-01 8.600000000000000000e+01 5.916497222734184547e+00
5.000000000000000000e-01 8.600000000000000000e+01 2.997929264688370399e+00
5.999999999999999778e-01 8.600000000000000000e+01 6.044589064917490262e+00
7.000000000000000666e-01 8.600000000000000000e+01 2.987239803873243282e+00
8.000000000000000444e-01 8.600000000000000000e+01 5.009175056186136565e+00
9.000000000000000222e-01 8.600000000000000000e+01 2.023767623178242658e+00
0.000000000000000000e+00 8.700000000000000000e+01 3.799384050544386326e+00
1.000000000000000056e-01 8.700000000000000000e+01 2.775832395291140564e+00
2.000000000000000111e-01 8.700000000000000000e+01 5.994682257893435562e+00
2.999999999999999889e-01 8.700000000000000000e+01 3.650477799176604421e+00
4.000000000000000222e-01 8.700000000000000000e+01 5.848260398030692642e+00
5.000000000000000000e-01 8.700000000000000000e+01 3.649724623852066863e+00
5.999999999999999778e-01 8.700000000000000000e+01 5.815838814648752297e+00
7.000000000000000666e-01 8.700000000000000000e+01 2.884808905846366400e+00
8.000000000000000444e-01 8.700000000000000000e+01 5.070773298525901751e+00
9.000000000000000222e-01 8.700000000000000000e+01 2.221623054002006992e+00
0.000000000000000000e+00 8.800000000000000000e+01 3.229690948204769541e+00
1.000000000000000056e-01 8.800000000000000000e+01 3.118869515619840271e+00
2.000000000000000111e-01 8.800000000000000000e+01 5.861807783835368824e+00
2.999999999999999889e-01 8.800000000000000000e+01 3.867680642877861619e+00
4.000000000000000222e-01 8.800000000000000000e+01 6.059076440732165558e+00
5.000000000000000000e-01 8.800000000000000000e+01 3.593239424877565202e+00
5.999999999999999778e-01 8.800000000000000000e+01 6.033348435426169054e+00
7.000000000000000666e-01 8.800000000000000000e+01 3.214745304147461180e+00
8.000000000000000444e-01 8.800000000000000000e+01 4.418369784486774421e+00
9.000000000000000222e-01 8.800000000000000000e+01 2.839748011589255050e+00
0.000000000000000000e+00 8.900000000000000000e+01 2.842275469906476282e+00
1.000000000000000056e-01 8.900000000000000000e+01 3.190700849628806957e+00
2.000000000000000111e-01 8.900000000000000000e+01 5.911279865010611978e+00
2.999999999999999889e-01 8.900000000000000000e+01 3.613886994774519135e+00
4.000000000000000222e-01 8.900000000000000000e+01 5.608134733576525477e+00
5.000000000000000000e-01 8.900000000000000000e+01 3.602971005182590503e+00
5.999999999999999778e-01 8.900000000000000000e+01 5.971865637776518021e+00
7.000000000000000666e-01 8.900000000000000000e+01 3.175511713808179426e+00
8.000000000000000444e-01 8.900000000000000000e+01 4.740725870443796452e+00
9.000000000000000222e-01 8.900000000000000000e+01 2.660544901001926643e+00
0.000000000000000000e+00 9.000000000000000000e+01 3.425433561046492326e+00
1.000000000000000056e-01 9.000000000000000000e+01 4.311139262479149359e+00
2.000000000000000111e-01 9.000000000000000000e+01 5.697113187632410813e+00
2.999999999999999889e-01 9.000000000000000000e+01 3.971862694052889609e+00
4.000000000000000222e-01 9.000000000000000000e+01 5.802896217307874416e+00
5.000000000000000000e-01 9.000000000000000000e+01 3.618015226236384052e+00
5.999999999999999778e-01 9.000000000000000000e+01 5.897844016614962825e+00
7.000000000000000666e-01 9.000000000000000000e+01 3.141964850502636519e+00
8.000000000000000444e-01 9.000000000000000000e+01 4.988797547003297694e+00
9.000000000000000222e-01 9.000000000000000000e+01 2.691949405486647073e+00
0.000000000000000000e+00 9.100000000000000000e+01 3.405625923439747016e+00
1.000000000000000056e-01 9.100000000000000000e+01 3.415958297057912318e+00
2.000000000000000111e-01 9.100000000000000000e+01 5.587647046969299147e+00
2.999999999999999889e-01 9.100000000000000000e+01 3.969038209608578782e+00
4.000000000000000222e-01 9.100000000000000000e+01 5.860916264950382093e+00
5.000000000000000000e-01 9.100000000000000000e+01 3.856119471199350723e+00
5.999999999999999778e-01 9.100000000000000000e+01 5.882275517717970637e+00
7.000000000000000666e-01 9.100000000000000000e+01 3.241552873850748195e+00
8.000000000000000444e-01 9.100000000000000000e+01 4.844692122093610998e+00
9.000000000000000222e-01 9.100000000000000000e+01 2.515826579215695524e+00
0.000000000000000000e+00 9.200000000000000000e+01 4.420819919829359179e+00
1.000000000000000056e-01 9.200000000000000000e+01 3.697413289483831633e+00
2.000000000000000111e-01 9.200000000000000000e+01 5.857398723477063918e+00
2.999999999999999889e-01 9.200000000000000000e+01 4.069145338813230595e+00
4.000000000000000222e-01 9.200000000000000000e+01 5.696695835832955801e+00
5.000000000000000000e-01 9.200000000000000000e+01 3.894839592277200779e+00
5.999999999999999778e-01 9.200000000000000000e+01 5.775759579515812980e+00
7.000000000000000666e-01 9.200000000000000000e+01 3.441368385651895068e+00
8.000000000000000444e-01 9.200000000000000000e+01 4.677092127213264838e+00
9.000000000000000222e-01 9.200000000000000000e+01 2.979357616592143376e+00
0.000000000000000000e+00 9.300000000000000000e+01 4.183212138986030837e+00
1.000000000000000056e-01 9.300000000000000000e+01 4.069162569260758922e+00
2.000000000000000111e-01 9.300000000000000000e+01 5.627106496660734258e+00
2.999999999999999889e-01 9.300000000000000000e+01 4.491757300177492418e+00
4.000000000000000222e-01 9.300000000000000000e+01 5.725942181470601078e+00
5.000000000000000000e-01 9.300000000000000000e+01 4.113645714817066867e+00
5.999999999999999778e-01 9.300000000000000000e+01 5.718337397171501024e+00
7.000000000000000666e-01 9.300000000000000000e+01 3.320920970203729894e+00
8.000000000000000444e-01 9.300000000000000000e+01 4.850600799848499456e+00
9.000000000000000222e-01 9.300000000000000000e+01 3.099684346789177702e+00
0.000000000000000000e+00 9.400000000000000000e+01 4.180325679885882550e+00
1.000000000000000056e-01 9.400000000000000000e+01 3.867213085948656648e+00
2.000000000000000111e-01 9.400000000000000000e+01 5.825945749768330018e+00
2.999999999999999889e-01 9.400000000000000000e+01 4.420100989481613674e+00
4.000000000000000222e-01 9.400000000000000000e+01 5.662148617874312784e+00
5.000000000000000000e-01 9.400000000000000000e+01 4.024459401250216395e+00
5.999999999999999778e-01 9.400000000000000000e+01 5.712415331766162119e+00
7.000000000000000666e-01 9.400000000000000000e+01 3.713031883400244038e+00
8.000000000000000444e-01 9.400000000000000000e+01 4.642977844110359520e+00
9.000000000000000222e-01 9.400000000000000000e+01 2.997339928701687750e+00
0.000000000000000000e+00 9.500000000000000000e+01 3.145961841905773770e+00
1.000000000000000056e-01 9.500000000000000000e+01 3.939495177746126675e+00
2.000000000000000111e-01 9.500000000000000000e+01 5.801851451046144525e+00
2.999999999999999889e-01 9.500000000000000000e+01 4.376550516859302853e+00
4.000000000000000222e-01 9.500000000000000000e+01 5.775183751176359515e+00
5.000000000000000000e-01 9.500000000000000000e+01 4.094679270191821985e+00
5.999999999999999778e-01 9.500000000000000000e+01 5.897879491256808215e+00
7.000000000000000666e-01 9.500000000000000000e+01 3.661260622036666135e+00
8.000000000000000444e-01 9.500000000000000000e+01 4.667879567198784940e+00
9.000000000000000222e-01 9.500000000000000000e+01 3.179049588740354260e+00
0.000000000000000000e+00 9.600000000000000000e+01 4.316033290535425060e+00
1.000000000000000056e-01 9.600000000000000000e+01 3.983213795756666009e+00
2.000000000000000111e-01 9.600000000000000000e+01 5.848528247677322156e+00
2.999999999999999889e-01 9.600000000000000000e+01 4.708112806924216187e+00
4.000000000000000222e-01 9.600000000000000000e+01 5.524148939838616101e+00
5.000000000000000000e-01 9.600000000000000000e+01 4.574981369807100684e+00
5.999999999999999778e-01 9.600000000000000000e+01 5.603214663195519307e+00
7.000000000000000666e-01 9.600000000000000000e+01 3.852829235595525148e+00
8.000000000000000444e-01 9.600000000000000000e+01 4.777914956045012040e+00
9.000000000000000222e-01 9.600000000000000000e+01 3.053234500079589964e+00
0.000000000000000000e+00 9.700000000000000000e+01 4.983436194385948426e+00
1.000000000000000056e-01 9.700000000000000000e+01 3.659362057499606191e+00
2.000000000000000111e-01 9.700000000000000000e+01 5.629831912408156391e+00
2.999999999999999889e-01 9.700000000000000000e+01 4.573568871990417506e+00
4.000000000000000222e-01 9.700000000000000000e+01 5.664451751053440454e+00
5.000000000000000000e-01 9.700000000000000000e+01 4.426387363118483798e+00
5.999999999999999778e-01 9.700000000000000000e+01 5.739362408546766048e+00
7.000000000000000666e-01 9.700000000000000000e+01 3.900393384305964162e+00
8.000000000000000444e-01 9.700000000000000000e+01 4.595301247023427571e+00
9.000000000000000222e-01 9.700000000000000000e+01 3.637887094498511331e+00
0.000000000000000000e+00 9.800000000000000000e+01 4.490950864007979604e+00
1.000000000000000056e-01 9.800000000000000000e+01 3.888941750890367199e+00
2.000000000000000111e-01 9.800000000000000000e+01 6.034044100629228247e+00
2.999999999999999889e-01 9.800000000000000000e+01 4.615101192691215104e+00
4.000000000000000222e-01 9.800000000000000000e+01 5.911759088190819078e+00
5.000000000000000000e-01 9.800000000000000000e+01 4.706135467119457516e+00
5.999999999999999778e-01 9.800000000000000000e+01 5.798189144114840765e+00
7.000000000000000666e-01 9.800000000000000000e+01 4.363500913734869258e+00
8.000000000000000444e-01 9.800000000000000000e+01 4.588913692056315163e+00
9.000000000000000222e-01 9.800000000000000000e+01 3.222282240551754384e+00
0.000000000000000000e+00 9.900000000000000000e+01 4.807472065490403068e+00
1.000000000000000056e-01 9.900000000000000000e+01 3.880142762601296980e+00
2.000000000000000111e-01 9.900000000000000000e+01 6.093693306394686537e+00
2.999999999999999889e-01 9.900000000000000000e+01 4.966240821538704608e+00
4.000000000000000222e-01 9.900000000000000000e+01 5.600225298478966884e+00
5.000000000000000000e-01 9.900000000000000000e+01 4.768193770937153353e+00
5.999999999999999778e-01 9.900000000000000000e+01 5.631811573711023478e+00
7.000000000000000666e-01 9.900000000000000000e+01 3.944152589499432704e+00
8.000000000000000444e-01 9.900000000000000000e+01 4.751362734848896707e+00
9.000000000000000222e-01 9.900000000000000000e+01 3.540387751019573592e+00
0.000000000000000000e+00 1.000000000000000000e+02 3.745019089595807760e+00
1.000000000000000056e-01 1.000000000000000000e+02 4.055287664434343853e+00
2.000000000000000111e-01 1.000000000000000000e+02 5.526664518899200296e+00
2.999999999999999889e-01 1.000000000000000000e+02 4.816099058679083278e+00
4.000000000000000222e-01 1.000000000000000000e+02 5.479061763775587401e+00
5.000000000000000000e-01 1.000000000000000000e+02 4.424331627213113904e+00
5.999999999999999778e-01 1.000000000000000000e+02 5.610621007940674865e+00
7.000000000000000666e-01 1.000000000000000000e+02 4.061744499912959938e+00
8.000000000000000444e-01 1.000000000000000000e+02 4.524437649420031349e+00
9.000000000000000222e-01 1.000000000000000000e+02 3.643511463490853419e+00
0.000000000000000000e+00 1.010000000000000000e+02 3.125381752332328400e+00
1.000000000000000056e-01 1.010000000000000000e+02 4.890330255592163056e+00
2.000000000000000111e-01 1.010000000000000000e+02 5.641012669318354433e+00
2.999999999999999889e-01 1.010000000000000000e+02 4.874839804060804305e+00
4.000000000000000222e-01 1.010000000000000000e+02 5.461936085305046262e+00
5.000000000000000000e-01 1.010000000000000000e+02 4.954826792708905359e+00
5.999999999999999778e-01 1.010000000000000000e+02 5.549309815683842295e+00
7.000000000000000666e-01 1.010000000000000000e+02 4.378915249212440131e+00
8.000000000000000444e-01 1.010000000000000000e+02 4.263413430946104477e+00
9.000000000000000222e-01 1.010000000000000000e+02 3.844591044738229879e+00
0.000000000000000000e+00 1.020000000000000000e+02 2.463353253912237584e+00
1.000000000000000056e-01 1.020000000000000000e+02 5.268647902144916628e+00
2.000000000000000111e-01 1.020000000000000000e+02 5.377961091112221759e+00
2.999999999999999889e-01 1.020000000000000000e+02 5.124571234998883007e+00
4.000000000000000222e-01 1.020000000000000000e+02 5.738811098864911031e+00
5.000000000000000000e-01 1.020000000000000000e+02 4.521077501969767098e+00
5.999999999999999778e-01 1.020000000000000000e+02 5.851022140445214959e+00
7.000000000000000666e-01 1.020000000000000000e+02 4.217214213093866348e+00
8.000000000000000444e-01 1.020000000000000000e+02 4.249203416017186541e+00
9.000000000000000222e-01 1.020000000000000000e+02 3.856811906527948253e+00
0.000000000000000000e+00 1.030000000000000000e+02 2.875908667829790488e+00
1.000000000000000056e-01 1.030000000000000000e+02 4.436835133067013714e+00
2.000000000000000111e-01 1.030000000000000000e+02 5.692878920583428481e+00
2.999999999999999889e-01 1.030000000000000000e+02 5.322858341296941020e+00
4.000000000000000222e-01 1.030000000000000000e+02 5.589883908731672513e+00
5.000000000000000000e-01 1.030000000000000000e+02 4.908344418986756885e+00
5.999999999999999778e-01 1.030000000000000000e+02 5.758843647119877396e+00
7.000000000000000666e-01 1.030000000000000000e+02 4.199489516537136424e+00
8.000000000000000444e-01 1.030000000000000000e+02 4.323775118641872695e+00
9.000000000000000222e-01 1.030000000000000000e+02 3.387088277153427196e+00
0.000000000000000000e+00 1.040000000000000000e+02 3.016228106538719089e+00
1.000000000000000056e-01 1.040000000000000000e+02 3.963968846555725456e+00
2.000000000000000111e-01 1.040000000000000000e+02 5.607720789882806756e+00
2.999999999999999889e-01 1.040000000000000000e+02 5.280725263624739263e+00
4.000000000000000222e-01 1.040000000000000000e+02 5.195541115002950683e+00
5.000000000000000000e-01 1.040000000000000000e+02 5.049435776742677184e+00
5.999999999999999778e-01 1.040000000000000000e+02 5.664130538293287387e+00
7.000000000000000666e-01 1.040000000000000000e+02 3.965013101617721247e+00
8.000000000000000444e-01 1.040000000000000000e+02 4.495195486934131068e+00
9.000000000000000222e-01 1.040000000000000000e+02 3.738595153367375357e+00
0.000000000000000000e+00 1.050000000000000000e+02 3.344833233198164724e+00
1.000000000000000056e-01 1.050000000000000000e+02 4.357859594067051034e+00
2.000000000000000111e-01 1.050000000000000000e+02 5.518464512968124680e+00
2.999999999999999889e-01 1.050000000000000000e+02 4.977957667568925437e+00
4.000000000000000222e-01 1.050000000000000000e+02 5.224784557999081258e+00
5.000000000000000000e-01 1.050000000000000000e+02 4.801467901266738281e+00
5.999999999999999778e-01 1.050000000000000000e+02 5.475100191310935394e+00
7.000000000000000666e-01 1.050000000000000000e+02 4.483262151003032159e+00
8.000000000000000444e-01 1.050000000000000000e+02 4.593264651228489370e+00
9.000000000000000222e-01 1.050000000000000000e+02 4.278489545263827409e+00
0.000000000000000000e+00 1.060000000000000000e+02 3.359474398470149392e+00
1.000000000000000056e-01 1.060000000000000000e+02 4.418082405746861951e+00
2.000000000000000111e-01 1.060000000000000000e+02 5.606766482340750812e+00
2.999999999999999889e-01 1.060000000000000000e+02 5.299541418540202997e+00
4.000000000000000222e-01 1.060000000000000000e+02 5.644071521992771068e+00
5.000000000000000000e-01 1.060000000000000000e+02 5.090712487392752728e+00
5.999999999999999778e-01 1.060000000000000000e+02 5.391290980995679050e+00
7.000000000000000666e-01 1.060000000000000000e+02 4.395728624981973809e+00
8.000000000000000444e-01 1.060000000000000000e+02 4.621251405998426875e+00
9.000000000000000222e-01 1.060000000000000000e+02 4.064638858359278295e+00
0.000000000000000000e+00 1.070000000000000000e+02 3.496287066690914713e+00
1.000000000000000056e-01 1.070000000000000000e+02 4.412342874260946957e+00
2.000000000000000111e-01 1.070000000000000000e+02 5.637853469925285133e+00
2.999999999999999889e-01 1.070000000000000000e+02 5.179861607837040971e+00
4.000000000000000222e-01 1.070000000000000000e+02 5.462828095399357764e+00
5.000000000000000000e-01 1.070000000000000000e+02 4.912780239769612756e+00
5.999999999999999778e-01 1.070000000000000000e+02 5.376333754189468017e+00
7.000000000000000666e-01 1.070000000000000000e+02 4.641854843648245854e+00
8.000000000000000444e-01 1.070000000000000000e+02 4.281009631803775584e+00
9.000000000000000222e-01 1.070000000000000000e+02 4.087680958803505682e+00
0.000000000000000000e+00 1.080000000000000000e+02 3.007560863816262753e+00
1.000000000000000056e-01 1.080000000000000000e+02 4.714480395561260195e+00
2.000000000000000111e-01 1.080000000000000000e+02 5.365119064147953587e+00
2.999999999999999889e-01 1.080000000000000000e+02 5.225019810267983011e+00
4.000000000000000222e-01 1.080000000000000000e+02 5.410061807621854513e+00
5.000000000000000000e-01 1.080000000000000000e+02 4.965373504380601766e+00
5.999999999999999778e-01 1.080000000000000000e+02 5.682959959808862038e+00
7.000000000000000666e-01 1.080000000000000000e+02 4.495251793174003474e+00
8.000000000000000444e-01 1.080000000000000000e+02 4.319123520093441471e+00
9.000000000000000222e-01 1.080000000000000000e+02 4.369976170330406973e+00
0.000000000000000000e+00 1.090000000000000000e+02 3.467679915581726391e+00
1.000000000000000056e-01 1.090000000000000000e+02 4.431741034853939887e+00
2.000000000000000111e-01 1.090000000000000000e+02 5.655263853162746379e+00
2.999999999999999889e-01 1.090000000000000000e+02 5.511155806573141192e+00
4.000000000000000222e-01 1.090000000000000000e+02 5.352282475203060663e+00
5.000000000000000000e-01 1.090000000000000000e+02 5.092192941673527429e+00
5.999999999999999778e-01 1.090000000000000000e+02 5.501186078493327969e+00
7.000000000000000666e-01 1.090000000000000000e+02 4.232991350308815903e+00
8.000000000000000444e-01 1.090000000000000000e+02 4.778417938997267633e+00
9.000000000000000222e-01 1.090000000000000000e+02 4.113884631316506280e+00
0.000000000000000000e+00 1.100000000000000000e+02 4.585082157346314524e+00
1.000000000000000056e-01 1.100000000000000000e+02 4.267048255151827618e+00
2.000000000000000111e-01 1.100000000000000000e+02 5.693778628415129717e+00
2.999999999999999889e-01 1.100000000000000000e+02 5.147386067192317505e+00
4.000000000000000222e-01 1.100000000000000000e+02 5.143135516629726567e+00
5.000000000000000000e-01 1.100000000000000000e+02 4.800046675548233388e+00
5.999999999999999778e-01 1.100000000000000000e+02 5.543585083959041704e+00
7.000000000000000666e-01 1.100000000000000000e+02 4.781824846044804289e+00
8.000000000000000444e-01 1.100000000000000000e+02 4.499838202954921762e+00
9.000000000000000222e-01 1.100000000000000000e+02 4.294251972129657702e+00
0.000000000000000000e+00 1.110000000000000000e+02 5.503012708396774144e+00
1.000000000000000056e-01 1.110000000000000000e+02 4.482364256289763205e+00
2.000000000000000111e-01 1.110000000000000000e+02 5.468294266182833319e+00
2.999999999999999889e-01 1.110000000000000000e+02 5.411603899082881419e+00
4.000000000000000222e-01 1.110000000000000000e+02 5.597821660105507746e+00
5.000000000000000000e-01 1.110000000000000000e+02 4.962801378933688667e+00
5.999999999999999778e-01 1.110000000000000000e+02 5.711774372038063596e+00
7.000000000000000666e-01 1.110000000000000000e+02 4.301199472712593952e+00
8.000000000000000444e-01 1.110000000000000000e+02 4.297643046891696628e+00
9.000000000000000222e-01 1.110000000000000000e+02 4.389892549312037318e+00
0.000000000000000000e+00 1.120000000000000000e+02 4.266044954103200837e+00
1.000000000000000056e-01 1.120000000000000000e+02 4.666371288997004818e+00
2.000000000000000111e-01 1.120000000000000000e+02 5.304769011709417725e+00
2.999999999999999889e-01 1.120000000000000000e+02 5.503261895885315447e+00
4.000000000000000222e-01 1.120000000000000000e+02 5.495150531294553886e+00
5.000000000000000000e-01 1.120000000000000000e+02 5.024197767068374176e+00
5.999999999999999778e-01 1.120000000000000000e+02 5.331468624178667071e+00
7.000000000000000666e-01 1.120000000000000000e+02 4.080317121142893910e+00
8.000000000000000444e-01 1.120000000000000000e+02 4.658182976172719592e+00
9.000000000000000222e-01 1.120000000000000000e+02 4.382907775273817919e+00
0.000000000000000000e+00 1.130000000000000000e+02 3.321382998645193929e+00
1.000000000000000056e-01 1.130000000000000000e+02 5.172766168009599319e+00
2.000000000000000111e-01 1.130000000000000000e+02 5.502703775565099598e+00
2.999999999999999889e-01 1.130000000000000000e+02 5.070313172987471972e+00
4.000000000000000222e-01 1.130000000000000000e+02 5.529106386670671114e+00
5.000000000000000000e-01 1.130000000000000000e+02 5.248315272083932115e+00
5.999999999999999778e-01 1.130000000000000000e+02 5.100037279974954707e+00
7.000000000000000666e-01 1.130000000000000000e+02 4.980744306803950749e+00
8.000000000000000444e-01 1.130000000000000000e+02 4.334438173544858941e+00
9.000000000000000222e-01 1.130000000000000000e+02 4.057393353449780804e+00
0.000000000000000000e+00 1.140000000000000000e+02 2.668135018247362211e+00
1.000000000000000056e-01 1.140000000000000000e+02 4.900703491888178220e+00
2.000000000000000111e-01 1.140000000000000000e+02 5.555885828994844289e+00
2.999999999999999889e-01 1.140000000000000000e+02 5.310299465600518687e+00
4.000000000000000222e-01 1.140000000000000000e+02 5.193661281165348420e+00
5.000000000000000000e-01 1.140000000000000000e+02 5.055531299611642382e+00
5.999999999999999778e-01 1.140000000000000000e+02 5.235708978079917308e+00
7.000000000000000666e-01 1.140000000000000000e+02 4.867235534139982889e+00
8.000000000000000444e-01 1.140000000000000000e+02 4.369926829528293588e+00
9.000000000000000222e-01 1.140000000000000000e+02 4.356592606651351396e+00
0.000000000000000000e+00 1.150000000000000000e+02 3.572098596567769402e+00
1.000000000000000056e-01 1.150000000000000000e+02 4.475153316622238364e+00
2.000000000000000111e-01 1.150000000000000000e+02 5.521837029578873235e+00
2.999999999999999889e-01 1.150000000000000000e+02 5.596949917497198612e+00
4.000000000000000222e-01 1.150000000000000000e+02 5.196325641131647188e+00
5.000000000000000000e-01 1.150000000000000000e+02 4.989936026010464154e+00
5.999999999999999778e-01 1.150000000000000000e+02 5.306078023430002233e+00
7.000000000000000666e-01 1.150000000000000000e+02 4.673831409396570713e+00
8.000000000000000444e-01 1.150000000000000000e+02 4.520716640910385387e+00
9.000000000000000222e-01 1.150000000000000000e+02 4.372490727969986501e+00
0.000000000000000000e+00 1.160000000000000000e+02 3.754310058848317144e+00
1.000000000000000056e-01 1.160000000000000000e+02 4.911213271724856888e+00
2.000000000000000111e-01 1.160000000000000000e+02 5.850183242821418439e+00
2.999999999999999889e-01 1.160000000000000000e+02 5.701286046271185626e+00
4.000000000000000222e-01 1.160000000000000000e+02 5.627692500206816995e+00
5.000000000000000000e-01 1.160000000000000000e+02 5.032244176667216351e+00
5.999999999999999778e-01 1.160000000000000000e+02 5.682047774060664302e+00
7.000000000000000666e-01 1.160000000000000000e+02 4.517428169635476998e+00
8.000000000000000444e-01 1.160000000000000000e+02 3.925692036346091651e+00
9.000000000000000222e-01 1.160000000000000000e+02 4.179454579727102548e+00
0.000000000000000000e+00 1.170000000000000000e+02 4.355445556514937699e+00
1.000000000000000056e-01 1.170000000000000000e+02 5.253182200716560502e+00
2.000000000000000111e-01 1.170000000000000000e+02 5.239215034888172084e+00
2.999999999999999889e-01 1.170000000000000000e+02 5.605151106512927583e+00
4.000000000000000222e-01 1.170000000000000000e+02 5.299109803375700700e+00
5.000000000000000000e-01 1.170000000000000000e+02 4.871747175000472829e+00
5.999999999999999778e-01 1.170000000000000000e+02 5.376962532614635748e+00
7.000000000000000666e-01 1.170000000000000000e+02 4.554425194836505320e+00
8.000000000000000444e-01 1.170000000000000000e+02 4.094147304372562246e+00
9.000000000000000222e-01 1.170000000000000000e+02 4.879538900157368353e+00
0.000000000000000000e+00 1.180000000000000000e+02 4.385454330480458296e+00
1.000000000000000056e-01 1.180000000000000000e+02 4.964307677540773511e+00
2.000000000000000111e-01 1.180000000000000000e+02 5.040023597702120384e+00
2.999999999999999889e-01 1.180000000000000000e+02 5.253431620405367930e+00
4.000000000000000222e-01 1.180000000000000000e+02 5.145291319896866611e+00
5.000000000000000000e-01 1.180000000000000000e+02 4.818865118922311730e+00
5.999999999999999778e-01 1.180000000000000000e+02 5.232904361878527588e+00
7.000000000000000666e-01 1.180000000000000000e+02 4.390539250513612934e+00
8.000000000000000444e-01 1.180000000000000000e+02 3.711188898425556104e+00
9.000000000000000222e-01 1.180000000000000000e+02 4.703139623203044906e+00
0.000000000000000000e+00 1.190000000000000000e+02 4.205262734183816242e+00
1.000000000000000056e-01 1.190000000000000000e+02 5.096111966427239182e+00
2.000000000000000111e-01 1.190000000000000000e+02 5.613683638911950879e+00
2.999999999999999889e-01 1.190000000000000000e+02 5.422486344873747477e+00
4.000000000000000222e-01 1.190000000000000000e+02 4.778905622665275743e+00
5.000000000000000000e-01 1.190000000000000000e+02 5.193931705022724721e+00
5.999999999999999778e-01 1.190000000000000000e+02 4.995281073598397903e+00
7.000000000000000666e-01 1.190000000000000000e+02 4.160154410610933162e+00
8.000000000000000444e-01 1.190000000000000000e+02 4.645966704162139749e+00
9.000000000000000222e-01 1.190000000000000000e+02 4.409823539030103490e+00
0.000000000000000000e+00 1.200000000000000000e+02 3.692161112758121977e+00
1.000000000000000056e-01 1.200000000000000000e+02 5.030880486816281305e+00
2.000000000000000111e-01 1.200000000000000000e+02 5.328260633811543912e+00
2.999999999999999889e-01 1.200000000000000000e+02 5.400561183889283967e+00
4.000000000000000222e-01 1.200000000000000000e+02 4.987807205772517349e+00
5.000000000000000000e-01 1.200000000000000000e+02 4.909094261591650188e+00
5.999999999999999778e-01 1.200000000000000000e+02 5.043609617541796375e+00
7.000000000000000666e-01 1.200000000000000000e+02 4.463544783173524877e+00
8.000000000000000444e-01 1.200000000000000000e+02 4.791747443195214728e+00
9.000000000000000222e-01 1.200000000000000000e+02 4.283069716739752231e+00
0.000000000000000000e+00 1.210000000000000000e+02 5.158330220889416395e+00
1.000000000000000056e-01 1.210000000000000000e+02 4.747017693190777265e+00
2.000000000000000111e-01 1.210000000000000000e+02 5.234055151749982926e+00
2.999999999999999889e-01 1.210000000000000000e+02 5.371573150599390445e+00
4.000000000000000222e-01 1.210000000000000000e+02 5.173686963973110231e+00
5.000000000000000000e-01 1.210000000000000000e+02 5.062663303247020963e+00
5.999999999999999778e-01 1.210000000000000000e+02 5.009421207795793585e+00
7.000000000000000666e-01 1.210000000000000000e+02 4.172827239652232123e+00
8.000000000000000444e-01 1.210000000000000000e+02 4.115869779625980662e+00
9.000000000000000222e-01 1.210000000000000000e+02 4.533854063380037047e+00
0.000000000000000000e+00 1.220000000000000000e+02 5.346479174779998012e+00
1.000000000000000056e-01 1.220000000000000000e+02 5.110385352971923645e+00
2.000000000000000111e-01 1.220000000000000000e+02 5.471232893804519826e+00
2.999999999999999889e-01 1.220000000000000000e+02 5.239837244502481894e+00
4.000000000000000222e-01 1.220000000000000000e+02 4.901852746230960456e+00
5.000000000000000000e-01 1.220000000000000000e+02 5.159085786215736213e+00
5.999999999999999778e-01 1.220000000000000000e+02 4.861054932899964598e+00
7.000000000000000666e-01 1.220000000000000000e+02 4.288574366863329601e+00
8.000000000000000444e-01 1.220000000000000000e+02 4.189101373110752036e+00
9.000000000000000222e-01 1.220000000000000000e+02 4.348006357476688954e+00
0.000000000000000000e+00 1.230000000000000000e+02 5.342893175795210503e+00
1.000000000000000056e-01 1.230000000000000000e+02 5.226579426641094983e+00
2.000000000000000111e-01 1.230000000000000000e+02 5.581202952702703612e+00
2.999999999999999889e-01 1.230000000000000000e+02 5.338395223448918259e+00
4.000000000000000222e-01 1.230000000000000000e+02 4.786664844665455831e+00
5.000000000000000000e-01 1.230000000000000000e+02 4.705706907400087680e+00
5.999999999999999778e-01 1.230000000000000000e+02 4.962507063599762347e+00
7.000000000000000666e-01 1.230000000000000000e+02 4.200683097521188181e+00
8.000000000000000444e-01 1.230000000000000000e+02 3.944604009823887925e+00
9.000000000000000222e-01 1.230000000000000000e+02 4.345651393221336534e+00
0.000000000000000000e+00 1.240000000000000000e+02 5.634198405909072171e+00
1.000000000000000056e-01 1.240000000000000000e+02 4.933826985112874652e+00
2.000000000000000111e-01 1.240000000000000000e+02 5.196706835160509463e+00
2.999999999999999889e-01 1.240000000000000000e+02 5.279465115636347683e+00
4.000000000000000222e-01 1.240000000000000000e+02 4.898325906551553643e+00
5.000000000000000000e-01 1.240000000000000000e+02 4.640105982342236146e+00
5.999999999999999778e-01 1.240000000000000000e+02 5.382345606100383151e+00
7.000000000000000666e-01 1.240000000000000000e+02 4.250451174158657253e+00
8.000000000000000444e-01 1.240000000000000000e+02 3.840672508176829147e+00
9.000000000000000222e-01 1.240000000000000000e+02 4.736003980554078119e+00
0.000000000000000000e+00 1.250000000000000000e+02 3.708815153405937259e+00
1.000000000000000056e-01 1.250000000000000000e+02 4.925694690154856836e+00
2.000000000000000111e-01 1.250000000000000000e+02 5.309699587665208220e+00
2.999999999999999889e-01 1.250000000000000000e+02 5.247679936416695945e+00
4.000000000000000222e-01 1.250000000000000000e+02 4.885816415948766256e+00
5.000000000000000000e-01 1.250000000000000000e+02 4.869699232867218619e+00
5.999999999999999778e-01 1.250000000000000000e+02 4.880514562778672349e+00
7.000000000000000666e-01 1.250000000000000000e+02 5.180926786807027895e+00
8.000000000000000444e-01 1.250000000000000000e+02 4.739720612927531995e+00
9.000000000000000222e-01 1.250000000000000000e+02 4.796249430991299967e+00
0.000000000000000000e+00 1.260000000000000000e+02 3.870171613223310825e+00
1.000000000000000056e-01 1.260000000000000000e+02 5.175657843166905359e+00
2.000000000000000111e-01 1.260000000000000000e+02 5.140819674510098913e+00
2.999999999999999889e-01 1.260000000000000000e+02 5.232369099960977543e+00
4.000000000000000222e-01 1.260000000000000000e+02 4.962721908131271675e+00
5.000000000000000000e-01 1.260000000000000000e+02 4.860851753188335955e+00
5.999999999999999778e-01 1.260000000000000000e+02 4.691432780111947309e+00
7.000000000000000666e-01 1.260000000000000000e+02 4.112918686919422306e+00
8.000000000000000444e-01 1.260000000000000000e+02 4.445004544162591387e+00
9.000000000000000222e-01 1.260000000000000000e+02 4.534031515595437156e+00
0.000000000000000000e+00 1.270000000000000000e+02 3.896955952552881186e+00
1.000000000000000056e-01 1.270000000000000000e+02 5.117219290289023448e+00
2.000000000000000111e-01 1.270000000000000000e+02 4.889860795842557728e+00
2.999999999999999889e-01 1.270000000000000000e+02 5.234679122873358459e+00
4.000000000000000222e-01 1.270000000000000000e+02 4.656834149714086379e+00
5.000000000000000000e-01 1.270000000000000000e+02 4.767125114768250072e+00
5.999999999999999778e-01 1.270000000000000000e+02 5.195914869984329165e+00
7.000000000000000666e-01 1.270000000000000000e+02 3.885520431358629789e+00
8.000000000000000444e-01 1.270000000000000000e+02 4.355484119989497138e+00
9.000000000000000222e-01 1.270000000000000000e+02 4.340042885989898735e+00
